134 18 6
2 5 32 19 28 11 39 11 10 13 26 31 15 5 40 31 8 12 0.09 0.43 0.45 0.2 0.25 0.38 
39 22 43 14 28 42 42 41 28 21 18 29 15 8 14 20 29 36 0.01 0.38 0.27 0.44 0.03 0.17 
35 23 10 33 19 15 13 23 4 35 5 15 9 8 32 23 11 38 0.09 0.43 0.28 0.4 0.02 0.23 
14 20 24 39 9 6 41 17 26 37 14 35 35 16 45 14 33 15 0.18 0.23 0.37 0.05 0.32 0.01 
9 2 44 31 8 29 33 16 40 37 6 25 36 21 4 19 32 37 0.31 0.23 0.43 0.26 0.07 0.27 
28 25 38 8 41 24 14 45 8 35 39 3 29 1 42 34 38 26 0.24 0.22 0.38 0.35 0.13 0.26 
14 41 3 13 10 1 44 38 30 26 16 7 9 14 20 31 25 28 0.25 0.12 0.05 0.1 0.22 0.44 
6 8 40 21 5 1 39 45 35 15 27 43 43 19 32 8 9 15 0.2 0.27 0.18 0.23 0.35 0.22 
14 30 19 12 35 33 27 10 29 31 25 33 13 43 7 17 14 37 0.29 0.1 0.09 0.16 0.42 0.4 
45 28 17 40 3 6 42 1 41 21 23 24 4 3 45 20 39 17 0.05 0.28 0.14 0.01 0.35 0.03 
35 29 26 21 3 33 29 21 2 17 22 32 33 23 9 25 8 31 0.06 0.39 0.19 0.31 0.09 0.14 
10 12 19 40 22 25 19 34 4 41 42 18 2 22 34 43 4 23 0.19 0.12 0.34 0.35 0.04 0.31 
17 15 35 21 7 38 17 44 4 45 3 15 18 31 21 41 9 34 0.36 0.29 0.26 0.41 0.33 0.31 
9 37 32 39 7 17 4 25 22 32 38 43 38 31 3 15 18 30 0.37 0.31 0.09 0.41 0.26 0.14 
27 31 37 44 30 19 37 38 6 25 43 35 30 25 44 36 22 43 0.24 0.42 0.32 0.06 0.17 0.09 
39 37 25 22 38 41 26 40 38 29 22 24 34 27 4 5 40 14 0.3 0.06 0.17 0.39 0.15 0.18 
26 37 8 36 34 39 25 2 34 8 24 14 43 35 14 12 11 10 0.3 0.4 0.21 0.15 0.23 0.29 
41 30 5 25 29 21 3 37 1 28 31 43 23 4 1 39 22 25 0.37 0.09 0.05 0.19 0.1 0.3 
9 14 23 6 38 10 18 42 16 11 31 38 29 14 10 26 16 11 0.06 0.44 0.45 0.3 0.19 0.05 
4 26 19 39 40 44 27 7 20 22 33 21 39 4 34 35 20 11 0.03 0.24 0.42 0.06 0.17 0.11 
1 25 31 35 12 4 11 9 33 10 1 34 26 1 36 24 28 32 0.45 0.18 0.26 0.16 0.37 0.04 
41 10 19 27 21 29 22 18 6 14 34 19 36 30 5 40 38 8 0.38 0.24 0.23 0.2 0.31 0.09 
3 24 36 30 40 20 17 39 38 22 42 16 34 12 32 25 5 28 0.14 0.38 0.27 0.17 0.29 0.12 
8 4 36 43 23 40 2 24 14 38 5 12 28 20 2 25 16 9 0.4 0.11 0.33 0.29 0.17 0.34 
1 14 19 10 44 23 43 40 10 39 44 4 45 6 3 17 30 19 0.02 0.4 0.01 0.16 0.21 0.22 
4 7 27 3 2 16 42 44 9 4 5 6 44 45 23 3 1 10 0.38 0.09 0.05 0.17 0.06 0.16 
15 38 21 19 1 5 11 16 45 14 30 19 22 31 34 39 12 41 0.11 0.06 0.09 0.37 0.29 0.34 
26 6 42 10 36 22 5 12 3 30 17 8 34 14 23 26 29 40 0.42 0.24 0.28 0.17 0.27 0.21 
14 32 15 37 34 29 20 4 13 8 19 21 22 25 21 34 14 39 0.42 0.41 0.43 0.32 0.17 0.19 
22 27 19 16 43 1 45 24 38 36 14 26 23 45 24 44 16 18 0.18 0.05 0.21 0.43 0.24 0.11 
11 45 21 13 42 41 25 17 19 43 31 37 18 43 36 13 2 44 0.11 0.1 0.17 0.39 0.03 0.38 
12 36 15 31 45 3 18 28 30 3 24 23 37 19 35 42 33 36 0.45 0.2 0.43 0.09 0.29 0.05 
40 37 26 45 19 44 4 19 14 25 22 9 22 3 10 29 27 18 0.1 0.45 0.44 0.05 0.17 0.38 
39 16 45 2 32 37 2 15 6 24 31 9 10 37 5 9 15 43 0.27 0.05 0.28 0.35 0.24 0.4 
1 29 37 20 26 44 19 40 9 29 17 37 36 23 15 8 41 26 0.1 0.06 0.08 0.23 0.45 0.12 
7 22 24 14 19 32 37 15 23 43 19 14 37 32 35 40 21 17 0.3 0.22 0.02 0.45 0.03 0.32 
16 43 14 37 15 31 25 41 15 44 28 33 38 45 44 25 32 1 0.31 0.35 0.22 0.04 0.36 0.18 
4 19 44 25 7 17 20 10 45 14 43 11 14 22 43 29 37 20 0.07 0.17 0.42 0.29 0.41 0.31 
39 20 12 41 16 4 23 34 44 16 11 38 21 40 34 19 22 45 0.39 0.31 0.07 0.44 0.27 0.03 
29 24 5 14 19 38 18 10 44 27 4 13 28 30 22 43 27 29 0.26 0.41 0.2 0.36 0.44 0.05 
18 30 39 3 24 26 43 18 6 30 32 11 9 40 42 34 44 20 0.25 0.35 0.08 0.33 0.37 0.06 
40 28 2 7 41 4 22 20 13 39 17 2 21 39 8 43 44 5 0.45 0.05 0.09 0.14 0.08 0.36 
15 39 6 23 45 24 14 13 9 40 11 23 5 2 13 32 40 35 0.05 0.42 0.06 0.43 0.17 0.08 
36 5 44 42 17 23 30 6 31 10 34 19 24 22 30 1 27 9 0.06 0.08 0.29 0.21 0.31 0.04 
37 29 35 22 43 2 40 33 44 42 20 3 44 42 41 19 11 8 0.14 0.13 0.01 0.09 0.2 0.33 
40 9 18 10 24 39 39 26 43 10 17 38 28 20 25 42 10 35 0.24 0.14 0.33 0.3 0.2 0.13 
9 17 1 19 10 28 39 43 23 11 24 22 27 36 14 44 22 32 0.39 0.4 0.05 0.37 0.42 0.31 
38 8 31 20 24 34 18 44 2 11 32 17 5 13 34 3 38 23 0.25 0.44 0.2 0.08 0.39 0.26 
7 11 4 5 36 19 32 23 45 17 30 39 4 39 25 29 30 23 0.16 0.26 0.42 0.02 0.38 0.01 
19 28 4 15 45 1 14 11 27 36 10 35 37 14 22 36 2 1 0.27 0.37 0.45 0.22 0.25 0.19 
43 10 33 17 11 20 11 27 26 25 35 6 5 6 28 16 38 2 0.14 0.25 0.06 0.21 0.44 0.19 
31 24 27 25 35 36 24 32 21 33 4 39 4 14 18 40 11 35 0.34 0.31 0.33 0.19 0.12 0.22 
42 44 18 2 23 43 36 2 4 16 1 43 38 27 23 10 26 21 0.04 0.29 0.02 0.09 0.2 0.27 
21 14 35 2 5 7 16 23 36 6 39 14 11 24 17 28 5 23 0.1 0.18 0.2 0.43 0.36 0.24 
27 39 2 6 18 16 33 22 28 15 39 19 25 34 21 11 13 40 0.36 0.29 0.16 0.41 0.05 0.19 
13 40 41 15 3 7 6 23 45 38 31 8 32 8 31 14 28 19 0.38 0.06 0.16 0.13 0.34 0.45 
12 39 11 26 10 31 45 17 9 32 41 28 15 30 39 20 32 38 0.23 0.43 0.08 0.31 0.44 0.42 
34 22 12 35 11 41 25 24 29 27 4 42 17 42 34 10 8 18 0.02 0.27 0.14 0.24 0.38 0.09 
6 43 9 22 35 25 38 9 43 30 2 44 38 28 40 16 13 11 0.39 0.2 0.41 0.38 0.18 0.37 
18 13 37 22 43 39 24 5 1 35 26 21 36 32 29 28 7 2 0.19 0.13 0.2 0.02 0.22 0.04 
20 14 24 30 21 26 4 5 27 44 37 20 13 24 30 35 4 28 0.17 0.18 0.28 0.01 0.32 0.33 
20 26 37 19 38 36 41 39 7 37 9 20 18 9 27 42 37 44 0.34 0.13 0.18 0.05 0.14 0.44 
33 42 30 1 9 36 7 40 37 36 25 26 33 45 36 22 12 3 0.15 0.36 0.3 0.33 0.19 0.06 
22 30 42 9 19 36 44 33 43 41 25 6 19 8 42 31 6 23 0.15 0.43 0.44 0.02 0.42 0.29 
18 25 6 35 38 42 29 14 7 40 26 31 4 31 30 22 26 23 0.1 0.39 0.33 0.15 0.17 0.3 
6 3 15 34 14 38 34 42 3 28 19 22 36 42 6 4 16 24 0.38 0.32 0.34 0.06 0.02 0.16 
35 13 33 18 32 27 35 4 20 30 23 12 32 41 35 25 12 4 0.17 0.44 0.21 0.27 0.36 0.26 
11 29 21 28 15 30 44 35 18 26 36 37 7 3 2 20 10 36 0.36 0.13 0.35 0.42 0.25 0.44 
26 40 30 32 31 17 32 31 40 14 9 34 18 42 45 6 20 30 0.44 0.29 0.45 0.08 0.23 0.14 
22 28 25 1 7 16 16 15 28 30 22 32 39 41 11 37 13 44 0.04 0.22 0.37 0.29 0.33 0.12 
22 35 14 32 16 1 49 18 38 27 34 25 33 36 18 45 19 7 0.43 0.45 0.11 0.01 0.31 0.41 
27 26 1 7 14 17 2 29 15 11 25 24 11 6 27 34 7 13 0.1 0.12 0.2 0.41 0.14 0.23 
29 42 32 45 3 34 38 19 44 23 29 49 22 15 41 43 18 3 0.39 0.29 0.22 0.15 0.02 0.03 
21 32 28 27 17 36 31 43 14 18 19 7 11 1 21 40 17 25 0.23 0.32 0.01 0.12 0.42 0.45 
17 37 45 34 39 46 16 37 38 11 18 10 7 12 1 34 40 21 0.32 0.42 0.3 0.25 0.09 0.11 
14 13 26 22 44 35 26 33 10 39 23 37 20 38 19 37 48 32 0.07 0.05 0.32 0.23 0.31 0.42 
37 25 11 38 48 43 3 7 39 49 6 16 26 27 28 18 2 8 0.06 0.43 0.18 0.3 0.34 0.14 
6 8 46 41 31 7 44 43 33 15 4 42 34 44 19 14 22 17 0.44 0.49 0.25 0.01 0.27 0.15 
22 25 7 40 45 3 5 25 37 20 23 6 17 34 35 41 45 49 0.46 0.39 0.42 0.2 0.19 0.15 
49 45 26 35 39 10 38 37 1 8 36 31 45 36 8 44 39 3 0.1 0.21 0.46 0.37 0.07 0.43 
22 1 12 9 32 30 25 20 39 19 29 42 33 19 24 4 3 42 0.43 0.2 0.47 0.31 0.45 0.34 
2 13 47 32 48 4 10 46 41 48 31 15 23 19 30 38 6 3 0.41 0.26 0.2 0.04 0.36 0.34 
44 41 40 27 36 10 37 30 22 41 15 7 24 38 9 45 21 44 0.15 0.1 0.49 0.36 0.02 0.2 
44 14 41 33 29 3 9 30 44 20 6 18 43 10 46 36 33 35 0.43 0.45 0.47 0.13 0.42 0.3 
24 1 15 28 30 7 6 49 10 47 46 14 1 37 18 10 3 9 0.39 0.31 0.41 0.16 0.01 0.21 
5 14 21 38 23 19 10 46 5 37 3 30 23 26 24 29 11 38 0.04 0.24 0.3 0.34 0.29 0.33 
41 15 46 48 35 9 15 18 7 14 26 47 40 38 43 31 2 37 0.25 0.12 0.13 0.16 0.06 0.43 
45 35 13 15 24 33 36 13 41 31 1 43 4 45 36 8 11 35 0.1 0.3 0.41 0.01 0.12 0.44 
27 15 49 46 7 44 25 24 42 13 36 1 27 30 1 19 40 37 0.07 0.31 0.39 0.19 0.04 0.48 
43 39 16 41 25 38 13 3 17 11 30 40 43 49 11 40 39 20 0.01 0.28 0.48 0.15 0.32 0.47 
15 1 14 3 40 30 47 24 49 40 19 43 32 41 2 47 29 40 0.45 0.4 0.44 0.47 0.04 0.36 
20 3 24 16 47 32 23 41 11 22 39 42 25 37 7 5 47 49 0.35 0.08 0.2 0.39 0.09 0.03 
28 10 23 30 22 13 13 38 29 5 31 48 48 17 30 11 25 47 0.35 0.49 0.3 0.09 0.04 0.41 
35 12 24 6 29 37 27 45 5 41 10 33 18 3 23 31 20 2 0.11 0.22 0.21 0.01 0.19 0.05 
20 48 1 31 34 7 42 43 19 18 26 7 48 42 9 39 21 46 0.45 0.06 0.12 0.17 0.08 0.47 
42 36 29 22 17 47 36 17 2 6 14 39 19 42 33 16 1 4 0.18 0.3 0.16 0.46 0.39 0.24 
6 9 12 4 44 21 43 38 40 29 48 9 29 34 23 49 31 14 0.46 0.05 0.37 0.29 0.07 0.47 
42 23 4 49 8 44 22 21 44 45 11 8 49 45 39 35 17 38 0.02 0.22 0.09 0.39 0.13 0.34 
46 19 42 5 2 49 22 38 1 14 36 17 17 45 25 43 39 9 0.08 0.41 0.18 0.07 0.27 0.33 
24 46 25 1 19 11 35 31 40 9 14 49 14 28 34 4 7 49 0.42 0.08 0.41 0.04 0.34 0.44 
40 21 13 20 47 30 32 33 17 49 34 47 7 18 44 22 33 11 0.39 0.33 0.17 0.27 0.18 0.09 
47 33 12 41 14 32 45 2 1 39 23 17 21 33 6 29 26 41 0.06 0.05 0.36 0.48 0.28 0.46 
30 44 4 25 43 1 31 38 26 2 27 29 31 37 14 3 35 49 0.12 0.23 0.29 0.38 0.08 0.01 
36 37 19 45 42 6 11 19 5 21 4 3 3 37 8 2 43 44 0.27 0.24 0.01 0.25 0.41 0.19 
20 22 37 49 36 7 44 31 40 20 22 10 40 35 9 14 2 32 0.36 0.05 0.28 0.37 0.22 0.13 
38 6 36 40 13 7 42 10 36 7 20 45 1 28 7 32 25 33 0.01 0.05 0.1 0.07 0.19 0.14 
42 23 3 29 47 46 46 42 35 40 44 34 10 27 48 24 37 14 0.32 0.15 0.22 0.12 0.34 0.38 
23 14 31 45 47 20 23 48 6 18 8 4 31 23 6 10 4 17 0.37 0.31 0.43 0.46 0.45 0.38 
45 23 21 5 1 16 21 13 42 14 2 45 20 39 22 43 3 44 0.43 0.16 0.02 0.32 0.46 0.33 
1 12 44 38 8 24 13 49 9 38 48 3 23 19 27 28 37 41 0.21 0.38 0.06 0.46 0.23 0.42 
34 4 48 33 13 43 48 35 30 33 19 43 49 36 32 35 23 33 0.34 0.39 0.15 0.31 0.1 0.01 
4 14 33 39 12 47 49 20 14 2 28 31 24 36 26 46 15 20 0.22 0.21 0.03 0.26 0.05 0.32 
17 25 45 38 9 44 32 47 19 9 1 43 25 9 38 36 22 49 0.49 0.45 0.06 0.42 0.31 0.18 
48 3 10 25 30 43 41 17 22 24 46 6 46 41 30 11 6 44 0.05 0.19 0.21 0.36 0.1 0.11 
31 9 2 46 33 17 38 25 6 48 28 30 40 28 45 13 30 44 0.16 0.48 0.39 0.17 0.1 0.44 
6 46 18 23 32 5 43 14 9 30 40 23 41 21 43 32 30 26 0.22 0.31 0.3 0.23 0.06 0.04 
2 5 17 7 24 14 22 1 45 3 40 30 17 47 23 11 26 21 0.47 0.23 0.05 0.26 0.37 0.12 
7 13 43 47 20 44 44 9 49 36 43 39 49 28 47 25 16 18 0.36 0.35 0.17 0.3 0.37 0.4 
6 34 41 28 7 46 8 40 21 12 34 10 13 10 32 15 4 40 0.23 0.14 0.16 0.09 0.41 0.4 
2 18 45 22 49 16 49 3 44 34 25 28 21 48 19 47 15 34 0.47 0.1 0.16 0.01 0.11 0.36 
1 42 30 5 31 40 49 40 47 19 43 23 9 16 35 42 46 13 0.32 0.39 0.48 0.42 0.37 0.2 
34 25 39 23 3 40 43 37 38 30 8 49 32 18 4 5 22 47 0.05 0.38 0.36 0.27 0.48 0.39 
19 51 25 49 27 54 6 13 50 32 3 46 13 39 21 29 51 27 0.22 0.03 0.25 0.4 0.21 0.39 
27 10 43 36 54 8 33 52 21 1 50 51 43 53 54 9 49 7 0.29 0.5 0.06 0.19 0.15 0.03 
5 11 33 19 6 12 17 39 29 26 24 16 48 23 29 28 43 33 0.12 0.26 0.5 0.17 0.22 0.54 
15 36 20 5 54 16 38 45 26 16 48 42 41 13 46 10 53 52 0.38 0.06 0.37 0.29 0.09 0.45 
17 49 13 1 14 23 47 9 2 24 50 8 11 32 41 19 24 27 0.38 0.17 0.45 0.21 0.37 0.46 
7 10 25 38 16 48 51 48 3 42 15 44 21 7 19 53 16 24 0.09 0.34 0.31 0.19 0.36 0.16 
23 31 7 36 42 25 44 6 20 33 51 37 17 5 20 29 24 8 0.1 0.54 0.37 0.26 0.22 0.44 
36 1 41 51 39 23 1 52 54 15 8 16 1 29 3 53 11 47 0.2 0.38 0.08 0.11 0.33 0.37 
28 34 16 15 25 10 32 38 37 8 29 19 49 6 36 25 26 24 0.16 0.12 0.47 0.54 0.07 0.48 
11 22 46 28 18 4 38 19 25 32 10 5 50 27 45 30 32 52 0.47 0.39 0.35 0.36 0.44 0.05 
33 39 53 7 44 1 5 14 16 2 6 12 47 33 48 54 15 12 0.18 0.32 0.31 0.27 0.42 0.21 
42 18 39 10 27 2 28 5 18 44 38 53 7 24 2 14 48 23 0.11 0.43 0.46 0.1 0.47 0.22 

