100 18 6
23 40 43 12 30 9 33 43 26 11 37 36 0.42 0.41 0.48 0.27 0.21 0.39 
42 41 48 27 21 39 44 4 45 39 26 41 0.3 0.33 0.13 0.49 0.26 0.28 
30 33 13 49 26 28 33 2 49 50 1 4 0.42 0.11 0.05 0.32 0.34 0.39 
42 11 5 32 34 39 8 1 23 6 35 19 0.4 0.1 0.52 0.15 0.37 0.49 
40 10 52 15 37 49 19 20 41 51 23 46 0.01 0.28 0.31 0.02 0.3 0.07 
1 28 31 2 30 7 26 38 12 20 14 3 0.3 0.31 0.26 0.07 0.34 0.41 
30 31 26 7 34 41 40 29 9 8 41 11 0.24 0.51 0.37 0.46 0.09 0.42 
24 51 37 46 9 42 13 38 2 20 35 51 0.06 0.48 0.33 0.52 0.12 0.44 
6 48 33 52 12 44 4 25 46 51 45 18 0.03 0.43 0.15 0.36 0.41 0.07 
3 43 15 36 41 7 20 24 41 35 1 27 0.43 0.09 0.2 0.39 0.15 0.17 
43 9 20 39 15 17 19 46 52 42 13 5 0.19 0.37 0.34 0.48 0.05 0.27 
19 37 34 48 5 27 26 8 44 10 29 6 0.04 0.37 0.5 0.13 0.44 0.15 
4 37 50 13 44 15 19 12 9 33 18 4 0.51 0.24 0.41 0.4 0.13 0.11 
51 24 41 40 13 11 14 26 37 52 28 36 0.51 0.39 0.42 0.34 0.15 0.36 
51 39 42 34 15 36 13 37 8 52 6 18 0.48 0.49 0.25 0.36 0.24 0.16 
48 49 25 36 24 16 39 46 7 41 31 8 0.06 0.3 0.49 0.11 0.51 0.47 
6 30 49 11 51 47 44 41 18 26 34 51 0.26 0.13 0.24 0.16 0.3 0.34 
26 13 24 16 30 34 5 36 11 4 12 26 0.41 0.24 0.34 0.39 0.13 0.44 
41 24 34 39 13 44 14 8 36 5 35 40 0.16 0.35 0.42 0.06 0.36 0.02 
16 35 42 6 36 2 41 33 26 50 9 32 0.19 0.47 0.07 0.06 0.43 0.39 
19 47 7 6 43 39 51 33 30 31 4 5 0.49 0.2 0.09 0.21 0.47 0.15 
49 20 9 21 47 15 35 49 46 47 45 18 0.46 0.25 0.27 0.51 0.2 0.33 
46 25 27 51 20 33 23 28 30 34 35 33 0.15 0.37 0.12 0.22 0.43 0.34 
15 37 12 22 43 34 40 27 9 35 30 12 0.13 0.18 0.51 0.31 0.04 0.05 
13 18 51 31 4 5 49 5 43 38 21 39 0.2 0.01 0.19 0.26 0.52 0.22 
20 1 19 26 52 22 31 20 32 28 23 36 0.23 0.3 0.36 0.42 0.14 0.28 
23 30 36 42 14 28 32 18 45 37 48 24 0.18 0.33 0.04 0.46 0.49 0.5 
18 33 4 46 49 50 34 9 13 23 42 48 0.42 0.27 0.43 0.28 0.48 0.25 
42 27 43 28 48 25 51 10 27 18 35 9 0.06 0.25 0.41 0.13 0.31 0.1 
6 25 41 13 31 10 12 31 41 18 50 25 0.15 0.02 0.12 0.21 0.11 0.5 
15 2 12 21 11 50 27 46 12 38 9 20 0.34 0.35 0.45 0.26 0.13 0.24 
34 35 45 26 13 24 5 50 26 4 12 47 0.36 0.5 0.23 0.48 0.3 0.28 
36 50 23 48 30 28 1 44 5 10 11 13 0.34 0.02 0.48 0.12 0.31 0.35 
34 2 48 12 31 35 34 36 40 13 7 12 0.31 0.49 0.52 0.17 0.07 0.01 
31 49 52 17 7 1 9 7 41 43 30 46 0.16 0.52 0.43 0.42 0.01 0.3 
16 52 43 42 1 30 39 42 46 26 28 12 0.2 0.21 0.47 0.15 0.3 0.28 
20 21 47 15 30 28 4 23 39 21 50 52 0.01 0.49 0.34 0.44 0.16 0.52 
1 49 34 44 16 52 5 33 44 4 27 14 0.37 0.33 0.49 0.22 0.14 0.25 
37 33 49 22 14 25 4 28 9 45 36 41 0.18 0.48 0.5 0.39 0.21 0.36 
18 48 50 39 21 36 40 22 32 27 29 16 0.45 0.21 0.41 0.5 0.1 0.16 
45 21 41 50 10 16 3 52 13 29 20 12 0.27 0.26 0.2 0.13 0.16 0.21 
27 26 20 13 16 21 12 16 51 40 21 49 0.38 0.45 0.33 0.34 0.2 0.15 
38 45 33 34 20 15 46 21 51 2 10 19 0.25 0.46 0.47 0.38 0.5 0.45 
25 46 47 38 50 45 28 6 29 45 15 43 0.01 0.45 0.31 0.06 0.04 0.12 
1 45 31 6 4 12 49 36 50 43 22 45 0.44 0.27 0.18 0.5 0.24 0.52 
44 27 18 50 24 52 52 7 21 35 46 30 0.5 0.42 0.27 0.02 0.28 0.26 
50 42 27 2 28 26 28 12 10 19 30 29 0.33 0.36 0.09 0.42 0.06 0.04 
33 36 9 42 6 4 48 29 40 3 51 23 0.01 0.33 0.42 0.07 0.47 0.13 
1 33 42 7 47 13 37 11 21 50 30 36 0.5 0.51 0.15 0.1 0.39 0.28 
50 51 15 10 39 28 6 26 5 8 39 18 0.29 0.43 0.05 0.1 0.19 0.2 
29 43 5 10 19 20 30 20 7 16 49 15 0.21 0.32 0.08 0.41 0.35 0.49 
21 32 8 41 35 49 49 50 31 10 4 42 0.42 0.3 0.04 0.4 0.43 0.23 
42 30 4 40 43 23 35 18 28 29 15 46 0.48 0.31 0.27 0.12 0.25 0.42 
48 31 27 12 25 42 43 34 41 31 3 52 0.45 0.52 0.03 0.06 0.44 0.48 
45 52 3 6 44 48 4 44 8 19 26 37 0.06 0.37 0.1 0.12 0.01 0.35 
6 37 10 12 1 35 34 42 13 3 45 32 0.14 0.47 0.38 0.08 0.19 0.09 
14 47 38 8 19 9 28 37 7 38 52 40 0.4 0.17 0.09 0.1 0.16 0.15 
40 17 9 10 16 15 4 50 44 45 2 21 0.07 0.34 0.21 0.13 0.17 0.15 
7 34 21 13 17 15 29 51 32 14 37 50 0.42 0.21 0.03 0.3 0.08 0.14 
42 21 3 30 8 14 33 41 32 49 42 35 0.19 0.35 0.09 0.06 0.18 0.13 
19 35 9 6 18 13 47 12 16 18 6 24 0.17 0.46 0.1 0.38 0.22 0.24 
17 46 10 38 22 24 42 16 13 1 17 48 0.36 0.42 0.09 0.06 0.1 0.39 
36 42 9 6 10 39 42 19 13 30 1 35 0.16 0.26 0.42 0.1 0.5 0.41 
16 26 42 10 50 41 12 46 18 5 49 28 0.42 0.22 0.17 0.03 0.26 0.11 
42 22 17 3 26 11 15 38 23 28 17 6 0.19 0.05 0.22 0.15 0.08 0.31 
19 5 22 15 8 31 42 14 29 27 6 23 0.2 0.37 0.4 0.11 0.03 0.47 
20 37 40 11 3 47 15 29 37 1 28 16 0.51 0.5 0.4 0.35 0.42 0.46 
51 50 40 35 42 46 20 37 45 1 35 32 0.2 0.07 0.17 0.04 0.47 0.05 
20 7 17 4 47 5 41 23 31 39 33 6 0.11 0.32 0.34 0.01 0.23 0.12 
11 32 34 1 23 12 29 43 26 10 3 33 0.22 0.2 0.14 0.08 0.44 0.45 
22 20 14 8 44 45 40 27 51 49 45 23 0.44 0.16 0.22 0.29 0.45 0.49 
44 16 22 29 45 49 36 51 31 47 48 33 0.09 0.02 0.13 0.22 0.04 0.1 
9 2 13 22 4 10 15 43 16 37 24 34 0.25 0.21 0.03 0.36 0.29 0.04 
25 21 3 36 29 4 20 52 45 4 38 31 0.2 0.31 0.49 0.26 0.11 0.04 
20 31 49 26 11 4 51 47 11 25 29 13 0.43 0.29 0.33 0.21 0.25 0.27 
43 29 33 21 25 27 36 30 5 37 14 52 0.45 0.3 0.34 0.26 0.23 0.09 
45 30 34 26 23 9 49 5 50 35 26 24 0.22 0.44 0.45 0.29 0.49 0.14 
22 44 45 29 49 14 17 3 11 31 45 26 0.07 0.44 0.23 0.12 0.36 0.03 
7 44 23 12 36 3 35 14 21 34 7 5 0.18 0.09 0.48 0.5 0.12 0.27 
18 9 48 50 12 27 3 4 10 5 6 51 0.51 0.3 0.27 0.39 0.44 0.46 
51 30 27 39 44 46 20 6 38 19 16 1 0.36 0.35 0.38 0.29 0.22 0.11 
36 35 38 29 22 11 25 29 6 13 33 16 0.28 0.48 0.44 0.39 0.25 0.52 
28 48 44 39 25 52 29 46 41 7 8 36 0.18 0.24 0.26 0.44 0.27 0.11 
18 24 26 44 27 11 46 29 3 17 47 5 0.07 0.3 0.23 0.02 0.28 0.08 
7 30 23 2 28 8 34 28 45 2 51 17 0.46 0.47 0.34 0.3 0.48 0.16 
46 47 34 30 48 16 8 1 11 29 9 36 0.46 0.14 0.4 0.32 0.21 0.26 
46 14 40 32 21 26 45 24 15 9 17 3 0.07 0.19 0.51 0.1 0.46 0.22 
7 19 51 10 46 22 39 17 23 14 52 41 0.04 0.14 0.09 0.15 0.49 0.29 
4 14 9 15 49 29 26 9 20 45 51 38 0.08 0.05 0.04 0.14 0.02 0.26 
8 5 4 14 2 26 44 12 26 48 29 45 0.25 0.29 0.42 0.16 0.28 0.07 
25 29 42 16 28 7 19 9 24 48 42 16 0.48 0.16 0.14 0.03 0.26 0.02 
48 16 14 3 26 2 26 20 31 11 17 19 0.01 0.32 0.28 0.48 0.17 0.16 
1 32 28 48 17 16 18 15 29 49 14 34 0.14 0.48 0.28 0.3 0.15 0.18 
14 48 28 30 15 18 29 2 22 51 52 3 0.07 0.25 0.34 0.11 0.37 0.51 
7 25 34 11 37 51 42 1 49 51 50 11 0.15 0.29 0.35 0.24 0.26 0.19 
15 29 35 24 26 19 28 48 7 24 21 45 0.39 0.48 0.52 0.1 0.14 0.17 
39 48 52 10 14 17 29 38 32 12 10 13 0.13 0.36 0.39 0.17 0.1 0.05 
13 36 39 17 10 5 32 1 22 49 44 50 0.45 0.17 0.08 0.35 0.12 0.23 
45 17 8 35 12 23 47 34 13 39 30 14 0.47 0.04 0.08 0.36 0.51 0.4 
47 4 8 36 51 40 30 51 32 24 4 47 0.13 0.21 0.35 0.45 0.51 0.41 
