597 18 6
23 25 3 21 37 40 40 27 10 26 44 6 0.03 0.09 0.14 0.2 0.43 0.33 
40 27 10 26 44 6 3 9 14 20 43 33 0.36 0.44 0.23 0.03 0.21 0.22 
3 9 14 20 43 33 36 44 23 3 21 22 0.04 0.14 0.28 0.43 0.06 0.08 
36 44 23 3 21 22 4 14 28 43 6 8 0.32 0.04 0.38 0.31 0.14 0.19 
4 14 28 43 6 8 32 4 38 31 14 19 0.14 0.15 0.31 0.52 0.37 0.05 
32 4 38 31 14 19 14 15 31 52 37 5 0.26 0.3 0.27 0.31 0.35 0.5 
14 15 31 52 37 5 26 30 27 31 35 50 0.19 0.06 0.32 0.44 0.18 0.2 
26 30 27 31 35 50 19 6 32 44 18 20 0.41 0.1 0.15 0.25 0.51 0.08 
19 6 32 44 18 20 41 10 15 25 51 8 0.46 0.42 0.03 0.23 0.24 0.31 
41 10 15 25 51 8 46 42 3 23 24 31 0.42 0.07 0.02 0.25 0.36 0.21 
46 42 3 23 24 31 42 7 2 25 36 21 0.24 0.15 0.34 0.04 0.19 0.42 
42 7 2 25 36 21 24 15 34 4 19 42 0.15 0.25 0.37 0.33 0.35 0.23 
24 15 34 4 19 42 15 25 37 33 35 23 0.5 0.47 0.42 0.34 0.11 0.06 
15 25 37 33 35 23 50 47 42 34 11 6 0.44 0.07 0.4 0.05 0.27 0.03 
50 47 42 34 11 6 44 7 40 5 27 3 0.14 0.25 0.2 0.02 0.34 0.19 
44 7 40 5 27 3 14 25 20 2 34 19 0.16 0.2 0.23 0.25 0.03 0.33 
14 25 20 2 34 19 16 20 23 25 3 33 0.2 0.09 0.16 0.36 0.52 0.24 
16 20 23 25 3 33 20 9 16 36 52 24 0.35 0.18 0.22 0.05 0.27 0.12 
20 9 16 36 52 24 35 18 22 5 27 12 0.16 0.33 0.03 0.17 0.01 0.05 
35 18 22 5 27 12 16 33 3 17 1 5 0.22 0.26 0.47 0.25 0.27 0.48 
16 33 3 17 1 5 22 26 47 25 27 48 0.44 0.23 0.48 0.05 0.14 0.08 
22 26 47 25 27 48 44 23 48 5 14 8 0.28 0.45 0.21 0.27 0.05 0.16 
44 23 48 5 14 8 28 45 21 27 5 16 0.42 0.26 0.03 0.13 0.4 0.2 
28 45 21 27 5 16 42 26 3 13 40 20 0.11 0.31 0.19 0.06 0.38 0.3 
42 26 3 13 40 20 11 31 19 6 38 30 0.15 0.16 0.06 0.38 0.03 0.14 
11 31 19 6 38 30 15 16 6 38 3 14 0.29 0.05 0.36 0.32 0.43 0.12 
15 16 6 38 3 14 29 5 36 32 43 12 0.39 0.17 0.27 0.36 0.19 0.4 
29 5 36 32 43 12 39 17 27 36 19 40 0.29 0.19 0.48 0.01 0.3 0.11 
39 17 27 36 19 40 29 19 48 1 30 11 0.02 0.31 0.32 0.5 0.22 0.51 
29 19 48 1 30 11 2 31 32 50 22 51 0.14 0.24 0.25 0.01 0.38 0.39 
2 31 32 50 22 51 14 24 25 1 38 39 0.35 0.19 0.51 0.44 0.08 0.11 
14 24 25 1 38 39 35 19 51 44 8 11 0.12 0.06 0.1 0.05 0.28 0.02 
35 19 51 44 8 11 12 6 10 5 28 2 0.41 0.05 0.21 0.43 0.36 0.27 
12 6 10 5 28 2 41 5 21 43 36 27 0.03 0.13 0.34 0.25 0.4 0.51 
41 5 21 43 36 27 3 13 34 25 40 51 0.09 0.32 0.4 0.29 0.16 0.48 
3 13 34 25 40 51 9 32 40 29 16 48 0.45 0.43 0.19 0.28 0.07 0.52 
9 32 40 29 16 48 45 43 19 28 7 52 0.25 0.22 0.29 0.52 0.2 0.18 
45 43 19 28 7 52 25 22 29 52 20 18 0.12 0.22 0.37 0.23 0.17 0.19 
25 22 29 52 20 18 12 22 37 23 17 19 0.01 0.33 0.49 0.39 0.48 0.3 
12 22 37 23 17 19 1 33 49 39 48 30 0.34 0.44 0.46 0.18 0.13 0.08 
1 33 49 39 48 30 34 44 46 18 13 8 0.05 0.46 0.16 0.21 0.47 0.09 
34 44 46 18 13 8 5 46 16 21 47 9 0.37 0.31 0.38 0.15 0.45 0.33 
5 46 16 21 47 9 37 31 38 15 45 33 0.25 0.18 0.15 0.29 0.51 0.5 
37 31 38 15 45 33 25 18 15 29 51 50 0.37 0.01 0.32 0.1 0.52 0.48 
25 18 15 29 51 50 37 1 32 10 52 48 0.51 0.2 0.52 0.5 0.06 0.02 
37 1 32 10 52 48 51 20 52 50 6 2 0.28 0.35 0.25 0.09 0.03 0.21 
51 20 52 50 6 2 28 35 25 9 3 21 0.31 0.08 0.45 0.5 0.18 0.04 
28 35 25 9 3 21 31 8 45 50 18 4 0.34 0.5 0.22 0.03 0.51 0.17 
31 8 45 50 18 4 34 50 22 3 51 17 0.05 0.5 0.22 0.47 0.43 0.2 
34 50 22 3 51 17 5 50 22 47 43 20 0.41 0.02 0.22 0.15 0.12 0.23 
5 50 22 47 43 20 41 2 22 15 12 23 0.39 0.31 0.06 0.25 0.44 0.48 
41 2 22 15 12 23 39 31 6 25 44 48 0.43 0.13 0.39 0.2 0.05 0.3 
39 31 6 25 44 48 43 13 39 20 5 30 0.38 0.17 0.4 0.23 0.14 0.31 
43 13 39 20 5 30 38 17 40 23 14 31 0.16 0.05 0.04 0.39 0.36 0.06 
38 17 40 23 14 31 16 5 4 39 36 6 0.18 0.22 0.23 0.39 0.16 0.4 
16 5 4 39 36 6 18 22 23 39 16 40 0.07 0.04 0.28 0.45 0.39 0.36 
18 22 23 39 16 40 7 4 28 45 39 36 0.36 0.25 0.5 0.12 0.16 0.04 
7 4 28 45 39 36 36 25 50 12 16 4 0.22 0.04 0.36 0.18 0.45 0.5 
36 25 50 12 16 4 22 4 36 18 45 50 0.17 0.36 0.38 0.45 0.34 0.15 
22 4 36 18 45 50 17 36 38 45 34 15 0.5 0.37 0.1 0.4 0.35 0.15 
17 36 38 45 34 15 50 37 10 40 35 15 0.04 0.38 0.1 0.46 0.16 0.26 
50 37 10 40 35 15 4 38 10 46 16 26 0.34 0.12 0.2 0.36 0.25 0.16 
4 38 10 46 16 26 34 12 20 36 25 16 0.05 0.15 0.37 0.22 0.44 0.07 
34 12 20 36 25 16 5 15 37 22 44 7 0.02 0.08 0.36 0.28 0.5 0.15 
5 15 37 22 44 7 2 8 36 28 50 15 0.5 0.05 0.15 0.43 0.23 0.12 
2 8 36 28 50 15 50 5 15 43 23 12 0.14 0.24 0.13 0.19 0.05 0.35 
50 5 15 43 23 12 14 24 13 19 5 35 0.52 0.16 0.4 0.38 0.03 0.24 
14 24 13 19 5 35 52 16 40 38 3 24 0.32 0.28 0.31 0.37 0.34 0.5 
52 16 40 38 3 24 32 28 31 37 34 50 0.16 0.2 0.15 0.14 0.11 0.23 
32 28 31 37 34 50 16 20 15 14 11 23 0.41 0.36 0.28 0.26 0.47 0.32 
16 20 15 14 11 23 41 36 28 26 47 32 0.51 0.5 0.42 0.32 0.23 0.05 
41 36 28 26 47 32 51 50 42 32 23 5 0.52 0.29 0.49 0.42 0.18 0.07 
51 50 42 32 23 5 52 29 49 42 18 7 0.11 0.39 0.18 0.01 0.06 0.35 
52 29 49 42 18 7 11 39 18 1 6 35 0.34 0.04 0.52 0.13 0.11 0.17 
11 39 18 1 6 35 34 4 52 13 11 17 0.17 0.39 0.27 0.47 0.31 0.03 
34 4 52 13 11 17 17 39 27 47 31 3 0.27 0.46 0.42 0.2 0.14 0.34 
17 39 27 47 31 3 27 46 42 20 14 34 0.12 0.01 0.5 0.37 0.07 0.11 
27 46 42 20 14 34 12 1 50 37 7 11 0.31 0.51 0.04 0.48 0.1 0.12 
12 1 50 37 7 11 31 51 4 48 10 12 0.16 0.4 0.33 0.03 0.49 0.36 
31 51 4 48 10 12 16 40 33 3 49 36 0.3 0.09 0.36 0.27 0.28 0.11 
16 40 33 3 49 36 30 9 36 27 28 11 0.09 0.52 0.27 0.06 0.39 0.13 
30 9 36 27 28 11 9 52 27 6 39 13 0.13 0.24 0.17 0.5 0.26 0.12 
9 52 27 6 39 13 13 24 17 50 26 12 0.15 0.42 0.38 0.2 0.16 0.25 
13 24 17 50 26 12 15 42 38 20 16 25 0.45 0.24 0.31 0.26 0.28 0.06 
15 42 38 20 16 25 45 24 31 26 28 6 0.49 0.11 0.3 0.2 0.13 0.4 
45 24 31 26 28 6 49 11 30 20 13 40 0.27 0.37 0.34 0.25 0.13 0.5 
49 11 30 20 13 40 27 37 34 25 13 50 0.42 0.3 0.17 0.41 0.11 0.34 
27 37 34 25 13 50 42 30 17 41 11 34 0.34 0.47 0.1 0.05 0.39 0.08 
42 30 17 41 11 34 34 47 10 5 39 8 0.17 0.29 0.31 0.3 0.47 0.43 
34 47 10 5 39 8 17 29 31 30 47 43 0.3 0.45 0.52 0.12 0.17 0.01 
17 29 31 30 47 43 30 45 52 12 17 1 0.21 0.46 0.19 0.52 0.4 0.12 
30 45 52 12 17 1 21 46 19 52 40 12 0.23 0.04 0.28 0.31 0.32 0.35 
21 46 19 52 40 12 23 4 28 31 32 35 0.33 0.51 0.2 0.23 0.31 0.35 
23 4 28 31 32 35 33 51 20 23 31 35 0.03 0.46 0.01 0.34 0.11 0.24 
33 51 20 23 31 35 3 46 1 34 11 24 0.4 0.52 0.22 0.12 0.47 0.27 
3 46 1 34 11 24 40 52 22 12 47 27 0.3 0.35 0.18 0.15 0.19 0.51 
40 52 22 12 47 27 30 35 18 15 19 51 0.43 0.09 0.13 0.25 0.33 0.05 
30 35 18 15 19 51 43 9 13 25 33 5 0.33 0.42 0.46 0.3 0.19 0.14 
43 9 13 25 33 5 33 42 46 30 19 14 0.16 0.26 0.43 0.35 0.1 0.04 
33 42 46 30 19 14 16 26 43 35 10 4 0.41 0.15 0.11 0.02 0.19 0.17 
16 26 43 35 10 4 41 15 11 2 19 17 0.43 0.42 0.14 0.17 0.37 0.3 
41 15 11 2 19 17 43 42 14 17 37 30 0.05 0.35 0.22 0.41 0.06 0.25 
43 42 14 17 37 30 5 35 22 41 6 25 0.07 0.38 0.02 0.25 0.47 0.52 
5 35 22 41 6 25 7 38 2 25 47 52 0.46 0.17 0.15 0.03 0.14 0.49 
7 38 2 25 47 52 46 17 15 3 14 49 0.36 0.22 0.51 0.14 0.16 0.09 
46 17 15 3 14 49 36 22 51 14 16 9 0.42 0.24 0.17 0.35 0.33 0.25 
36 22 51 14 16 9 42 24 17 35 33 25 0.01 0.37 0.15 0.18 0.27 0.3 
42 24 17 35 33 25 1 37 15 18 27 30 0.48 0.49 0.04 0.16 0.23 0.33 
1 37 15 18 27 30 48 49 4 16 23 33 0.37 0.18 0.02 0.01 0.43 0.33 
48 49 4 16 23 33 37 18 2 1 43 33 0.33 0.1 0.14 0.5 0.11 0.26 
37 18 2 1 43 33 33 10 14 50 11 26 0.14 0.35 0.05 0.19 0.3 0.04 
33 10 14 50 11 26 14 35 5 19 30 4 0.12 0.05 0.2 0.26 0.19 0.15 
14 35 5 19 30 4 12 5 20 26 19 15 0.12 0.27 0.31 0.07 0.06 0.44 
12 5 20 26 19 15 12 27 31 7 6 44 0.28 0.32 0.24 0.51 0.04 0.22 
12 27 31 7 6 44 28 32 24 51 4 22 0.28 0.52 0.07 0.1 0.47 0.05 
28 32 24 51 4 22 28 52 7 10 47 5 0.14 0.09 0.43 0.1 0.33 0.02 
28 52 7 10 47 5 14 9 43 10 33 2 0.51 0.1 0.33 0.49 0.22 0.16 
14 9 43 10 33 2 51 10 33 49 22 16 0.22 0.05 0.15 0.51 0.36 0.38 
51 10 33 49 22 16 22 5 15 51 36 38 0.03 0.31 0.48 0.46 0.24 0.35 
22 5 15 51 36 38 3 31 48 46 24 35 0.22 0.05 0.13 0.36 0.47 0.39 
3 31 48 46 24 35 22 5 13 36 47 39 0.51 0.2 0.09 0.01 0.17 0.07 
22 5 13 36 47 39 51 20 9 1 17 7 0.27 0.09 0.08 0.35 0.33 0.51 
51 20 9 1 17 7 27 9 8 35 33 51 0.41 0.45 0.23 0.35 0.34 0.3 
27 9 8 35 33 51 41 45 23 35 34 30 0.36 0.41 0.29 0.18 0.14 0.51 
41 45 23 35 34 30 36 41 29 18 14 51 0.49 0.27 0.38 0.16 0.05 0.36 
36 41 29 18 14 51 49 27 38 16 5 36 0.38 0.08 0.04 0.52 0.44 0.09 
49 27 38 16 5 36 38 8 4 52 44 9 0.42 0.23 0.22 0.09 0.27 0.05 
38 8 4 52 44 9 42 23 22 9 27 5 0.04 0.37 0.45 0.26 0.5 0.14 
42 23 22 9 27 5 4 37 45 26 50 14 0.1 0.12 0.22 0.46 0.32 0.52 
4 37 45 26 50 14 10 12 22 46 32 52 0.18 0.05 0.25 0.52 0.46 0.38 
10 12 22 46 32 52 18 5 25 52 46 38 0.17 0.5 0.13 0.18 0.21 0.16 
18 5 25 52 46 38 17 50 13 18 21 16 0.11 0.04 0.24 0.28 0.16 0.2 
17 50 13 18 21 16 11 4 24 28 16 20 0.52 0.07 0.33 0.04 0.5 0.05 
11 4 24 28 16 20 52 7 33 4 50 5 0.26 0.24 0.1 0.42 0.01 0.05 
52 7 33 4 50 5 26 24 10 42 1 5 0.15 0.49 0.09 0.04 0.43 0.1 
26 24 10 42 1 5 15 49 9 4 43 10 0.23 0.52 0.24 0.48 0.49 0.02 
15 49 9 4 43 10 23 52 24 48 49 2 0.06 0.07 0.24 0.09 0.04 0.03 
23 52 24 48 49 2 6 7 24 9 4 3 0.21 0.17 0.03 0.41 0.33 0.02 
6 7 24 9 4 3 21 17 3 41 33 2 0.25 0.24 0.18 0.17 0.2 0.21 
21 17 3 41 33 2 25 24 18 17 20 21 0.1 0.07 0.34 0.48 0.42 0.09 
25 24 18 17 20 21 10 7 34 48 42 9 0.41 0.46 0.12 0.52 0.14 0.35 
10 7 34 48 42 9 41 46 12 52 14 35 0.05 0.51 0.24 0.37 0.07 0.42 
41 46 12 52 14 35 5 51 24 37 7 42 0.13 0.26 0.08 0.05 0.16 0.02 
5 51 24 37 7 42 13 26 8 5 16 2 0.28 0.46 0.38 0.32 0.26 0.42 
13 26 8 5 16 2 28 46 38 32 26 42 0.29 0.44 0.46 0.02 0.03 0.13 
28 46 38 32 26 42 29 44 46 2 3 13 0.31 0.29 0.17 0.35 0.41 0.15 
29 44 46 2 3 13 31 29 17 35 41 15 0.14 0.51 0.45 0.34 0.46 0.41 
31 29 17 35 41 15 14 51 45 34 46 41 0.19 0.45 0.04 0.42 0.21 0.52 
14 51 45 34 46 41 19 45 4 42 21 52 0.18 0.14 0.1 0.2 0.3 0.05 
19 45 4 42 21 52 18 14 10 20 30 5 0.1 0.27 0.06 0.14 0.17 0.51 
18 14 10 20 30 5 10 27 6 14 17 51 0.35 0.42 0.15 0.19 0.14 0.33 
10 27 6 14 17 51 35 42 15 19 14 33 0.07 0.01 0.19 0.06 0.52 0.13 
35 42 15 19 14 33 7 1 19 6 52 13 0.51 0.06 0.42 0.52 0.09 0.22 
7 1 19 6 52 13 51 6 42 52 9 22 0.26 0.37 0.34 0.47 0.41 0.19 
51 6 42 52 9 22 26 37 34 47 41 19 0.45 0.07 0.28 0.3 0.26 0.43 
26 37 34 47 41 19 45 7 28 30 26 43 0.14 0.46 0.27 0.1 0.38 0.29 
45 7 28 30 26 43 14 46 27 10 38 29 0.16 0.31 0.03 0.32 0.25 0.08 
14 46 27 10 38 29 16 31 3 32 25 8 0.42 0.18 0.52 0.07 0.19 0.06 
16 31 3 32 25 8 42 18 52 7 19 6 0.12 0.5 0.1 0.08 0.52 0.47 
42 18 52 7 19 6 12 50 10 8 52 47 0.09 0.34 0.45 0.08 0.39 0.24 
12 50 10 8 52 47 9 34 45 8 39 24 0.2 0.24 0.31 0.05 0.45 0.51 
9 34 45 8 39 24 20 24 31 5 45 51 0.18 0.24 0.33 0.22 0.06 0.14 
20 24 31 5 45 51 18 24 33 22 6 14 0.47 0.1 0.38 0.49 0.05 0.29 
18 24 33 22 6 14 47 10 38 49 5 29 0.33 0.03 0.14 0.23 0.26 0.35 
47 10 38 49 5 29 33 3 14 23 26 35 0.27 0.45 0.01 0.28 0.49 0.1 
33 3 14 23 26 35 27 45 1 28 49 10 0.02 0.45 0.23 0.18 0.05 0.01 
27 45 1 28 49 10 2 45 23 18 5 1 0.33 0.44 0.23 0.1 0.29 0.42 
2 45 23 18 5 1 33 44 23 10 29 42 0.06 0.15 0.33 0.14 0.29 0.21 
33 44 23 10 29 42 6 15 33 14 29 21 0.19 0.47 0.06 0.02 0.52 0.45 
6 15 33 14 29 21 19 47 6 2 52 45 0.29 0.51 0.06 0.38 0.19 0.47 
19 47 6 2 52 45 29 51 6 38 19 47 0.33 0.01 0.3 0.24 0.04 0.25 
29 51 6 38 19 47 33 1 30 24 4 25 0.29 0.43 0.37 0.48 0.21 0.11 
33 1 30 24 4 25 29 43 37 48 21 11 0.47 0.46 0.02 0.27 0.4 0.33 
29 43 37 48 21 11 47 46 2 27 40 33 0.43 0.51 0.06 0.2 0.14 0.16 
47 46 2 27 40 33 43 51 6 20 14 16 0.03 0.27 0.41 0.32 0.25 0.08 
43 51 6 20 14 16 3 27 41 32 25 8 0.06 0.01 0.14 0.21 0.45 0.47 
3 27 41 32 25 8 6 1 14 21 45 47 0.18 0.46 0.34 0.52 0.1 0.4 
6 1 14 21 45 47 18 46 34 52 10 40 0.07 0.1 0.41 0.29 0.15 0.43 
18 46 34 52 10 40 7 10 41 29 15 43 0.21 0.5 0.25 0.34 0.37 0.29 
7 10 41 29 15 43 21 50 25 34 37 29 0.23 0.02 0.14 0.19 0.32 0.06 
21 50 25 34 37 29 23 2 14 19 32 6 0.3 0.01 0.11 0.07 0.14 0.44 
23 2 14 19 32 6 30 1 11 7 14 44 0.37 0.19 0.15 0.16 0.27 0.22 
30 1 11 7 14 44 37 19 15 16 27 22 0.17 0.3 0.06 0.15 0.11 0.35 
37 19 15 16 27 22 17 30 6 15 11 35 0.34 0.2 0.14 0.4 0.02 0.18 
17 30 6 15 11 35 34 20 14 40 2 18 0.24 0.12 0.17 0.3 0.51 0.47 
34 20 14 40 2 18 24 12 17 30 51 47 0.15 0.04 0.4 0.06 0.31 0.24 
24 12 17 30 51 47 15 4 40 6 31 24 0.34 0.23 0.07 0.18 0.46 0.33 
15 4 40 6 31 24 34 23 7 18 46 33 0.12 0.07 0.51 0.18 0.15 0.22 
34 23 7 18 46 33 12 7 51 18 15 22 0.2 0.05 0.04 0.48 0.39 0.32 
12 7 51 18 15 22 20 5 4 48 39 32 0.15 0.29 0.1 0.31 0.41 0.02 
20 5 4 48 39 32 15 29 10 31 41 2 0.39 0.1 0.2 0.22 0.21 0.11 
15 29 10 31 41 2 39 10 20 22 21 11 0.49 0.11 0.32 0.15 0.26 0.04 
39 10 20 22 21 11 49 11 32 15 26 4 0.09 0.02 0.52 0.2 0.41 0.01 
49 11 32 15 26 4 9 2 52 20 41 1 0.22 0.24 0.5 0.46 0.47 0.33 
9 2 52 20 41 1 22 24 50 46 47 33 0.22 0.23 0.39 0.46 0.11 0.21 
22 24 50 46 47 33 22 23 39 46 11 21 0.1 0.49 0.33 0.28 0.14 0.23 
22 23 39 46 11 21 10 49 33 28 14 23 0.39 0.41 0.05 0.47 0.35 0.43 
10 49 33 28 14 23 39 41 5 47 35 43 0.15 0.31 0.2 0.06 0.48 0.05 
39 41 5 47 35 43 15 31 20 6 48 5 0.34 0.46 0.04 0.03 0.32 0.21 
15 31 20 6 48 5 34 46 4 3 32 21 0.28 0.15 0.47 0.26 0.13 0.07 
34 46 4 3 32 21 28 15 47 26 13 7 0.07 0.21 0.08 0.32 0.06 0.09 
28 15 47 26 13 7 7 21 8 32 6 9 0.46 0.06 0.41 0.28 0.52 0.13 
7 21 8 32 6 9 46 6 41 28 52 13 0.2 0.42 0.17 0.45 0.18 0.13 
46 6 41 28 52 13 20 42 17 45 18 13 0.36 0.07 0.44 0.42 0.23 0.46 
20 42 17 45 18 13 36 7 44 42 23 46 0.52 0.26 0.13 0.21 0.38 0.49 
36 7 44 42 23 46 52 26 13 21 38 49 0.23 0.47 0.42 0.15 0.12 0.52 
52 26 13 21 38 49 23 47 42 15 12 52 0.21 0.3 0.09 0.13 0.42 0.41 
23 47 42 15 12 52 21 30 9 13 42 41 0.32 0.08 0.28 0.16 0.02 0.44 
21 30 9 13 42 41 32 8 28 16 2 44 0.51 0.42 0.08 0.47 0.49 0.24 
32 8 28 16 2 44 51 42 8 47 49 24 0.31 0.12 0.01 0.26 0.18 0.27 
51 42 8 47 49 24 31 12 1 26 18 27 0.42 0.44 0.45 0.14 0.17 0.5 
31 12 1 26 18 27 42 44 45 14 17 50 0.26 0.11 0.02 0.16 0.06 0.25 
42 44 45 14 17 50 26 11 2 16 6 25 0.09 0.38 0.27 0.32 0.15 0.02 
26 11 2 16 6 25 9 38 27 32 15 2 0.34 0.41 0.33 0.06 0.18 0.5 
9 38 27 32 15 2 34 41 33 6 18 50 0.5 0.31 0.19 0.04 0.01 0.48 
34 41 33 6 18 50 50 31 19 4 1 48 0.29 0.18 0.49 0.01 0.19 0.15 
50 31 19 4 1 48 29 18 49 1 19 15 0.31 0.27 0.29 0.09 0.36 0.05 
29 18 49 1 19 15 31 27 29 9 36 5 0.04 0.3 0.41 0.24 0.15 0.34 
31 27 29 9 36 5 4 30 41 24 15 34 0.32 0.48 0.42 0.02 0.11 0.14 
4 30 41 24 15 34 32 48 42 2 11 14 0.15 0.11 0.17 0.48 0.16 0.51 
32 48 42 2 11 14 15 11 17 48 16 51 0.2 0.1 0.23 0.48 0.33 0.18 
15 11 17 48 16 51 20 10 23 48 33 18 0.25 0.07 0.08 0.42 0.33 0.04 
20 10 23 48 33 18 25 7 8 42 33 4 0.3 0.15 0.44 0.13 0.2 0.47 
25 7 8 42 33 4 30 15 44 13 20 47 0.05 0.04 0.24 0.06 0.26 0.11 
30 15 44 13 20 47 5 4 24 6 26 11 0.07 0.33 0.29 0.08 0.36 0.22 
5 4 24 6 26 11 7 33 29 8 36 22 0.22 0.35 0.24 0.03 0.08 0.23 
7 33 29 8 36 22 22 35 24 3 8 23 0.45 0.11 0.04 0.31 0.03 0.02 
22 35 24 3 8 23 45 11 4 31 3 2 0.21 0.24 0.23 0.38 0.06 0.41 
45 11 4 31 3 2 21 24 23 38 6 41 0.1 0.05 0.06 0.08 0.38 0.22 
21 24 23 38 6 41 10 5 6 8 38 22 0.34 0.49 0.3 0.21 0.16 0.19 
10 5 6 8 38 22 34 49 30 21 16 19 0.13 0.46 0.11 0.15 0.06 0.47 
34 49 30 21 16 19 13 46 11 15 6 47 0.08 0.3 0.36 0.44 0.42 0.48 
13 46 11 15 6 47 8 30 36 44 42 48 0.31 0.05 0.04 0.15 0.13 0.12 
8 30 36 44 42 48 31 5 4 15 13 12 0.46 0.17 0.03 0.26 0.35 0.05 
31 5 4 15 13 12 46 17 3 26 35 5 0.15 0.22 0.06 0.1 0.35 0.52 
46 17 3 26 35 5 15 22 6 10 35 52 0.22 0.08 0.34 0.25 0.11 0.52 
15 22 6 10 35 52 22 8 34 25 11 52 0.36 0.31 0.23 0.5 0.05 0.15 
22 8 34 25 11 52 36 31 23 50 5 15 0.21 0.42 0.46 0.08 0.12 0.35 
36 31 23 50 5 15 21 42 46 8 12 35 0.02 0.28 0.13 0.33 0.05 0.21 
21 42 46 8 12 35 2 28 13 33 5 21 0.08 0.29 0.16 0.33 0.2 0.46 
2 28 13 33 5 21 8 29 16 33 20 46 0.3 0.05 0.43 0.12 0.29 0.15 
8 29 16 33 20 46 30 5 43 12 29 15 0.14 0.49 0.17 0.24 0.15 0.16 
30 5 43 12 29 15 14 49 17 24 15 16 0.2 0.52 0.08 0.14 0.13 0.09 
14 49 17 24 15 16 20 52 8 14 13 9 0.38 0.32 0.08 0.48 0.46 0.14 
20 52 8 14 13 9 38 32 8 48 46 14 0.16 0.24 0.41 0.34 0.03 0.51 
38 32 8 48 46 14 16 24 41 34 3 51 0.17 0.08 0.44 0.26 0.1 0.32 
16 24 41 34 3 51 17 8 44 26 10 32 0.22 0.08 0.21 0.07 0.02 0.04 
17 8 44 26 10 32 22 8 21 7 2 4 0.4 0.51 0.23 0.03 0.36 0.46 
22 8 21 7 2 4 40 51 23 3 36 46 0.41 0.06 0.37 0.39 0.23 0.47 
40 51 23 3 36 46 41 6 37 39 23 47 0.18 0.06 0.17 0.38 0.33 0.24 
41 6 37 39 23 47 18 6 17 38 33 24 0.37 0.52 0.03 0.46 0.41 0.04 
18 6 17 38 33 24 37 52 3 46 41 4 0.2 0.21 0.52 0.39 0.09 0.07 
37 52 3 46 41 4 20 21 52 39 9 7 0.1 0.52 0.4 0.16 0.31 0.41 
20 21 52 39 9 7 10 52 40 16 31 41 0.5 0.42 0.38 0.07 0.15 0.23 
10 52 40 16 31 41 50 42 38 7 15 23 0.15 0.39 0.18 0.23 0.28 0.33 
50 42 38 7 15 23 15 39 18 23 28 33 0.48 0.51 0.39 0.36 0.32 0.38 
15 39 18 23 28 33 48 51 39 36 32 38 0.42 0.13 0.28 0.11 0.45 0.31 
48 51 39 36 32 38 42 13 28 11 45 31 0.12 0.51 0.35 0.11 0.09 0.06 
42 13 28 11 45 31 12 51 35 11 9 6 0.21 0.18 0.16 0.19 0.09 0.04 
12 51 35 11 9 6 21 18 16 19 9 4 0.18 0.5 0.26 0.35 0.45 0.24 
21 18 16 19 9 4 18 50 26 35 45 24 0.03 0.38 0.01 0.5 0.45 0.1 
18 50 26 35 45 24 3 38 1 50 45 10 0.04 0.01 0.51 0.42 0.36 0.43 
3 38 1 50 45 10 4 1 51 42 36 43 0.03 0.36 0.43 0.44 0.35 0.07 
4 1 51 42 36 43 3 36 43 44 35 7 0.44 0.27 0.45 0.22 0.03 0.26 
3 36 43 44 35 7 44 27 45 22 3 26 0.03 0.48 0.18 0.35 0.42 0.11 
44 27 45 22 3 26 3 48 18 35 42 11 0.12 0.21 0.01 0.03 0.27 0.33 
3 48 18 35 42 11 12 21 1 3 27 33 0.25 0.42 0.17 0.48 0.08 0.07 
12 21 1 3 27 33 25 42 17 48 8 7 0.03 0.21 0.41 0.02 0.43 0.27 
25 42 17 48 8 7 3 21 41 2 43 27 0.01 0.17 0.43 0.18 0.4 0.02 
3 21 41 2 43 27 1 17 43 18 40 2 0.41 0.3 0.4 0.37 0.01 0.27 
1 17 43 18 40 2 41 30 40 37 1 27 0.07 0.4 0.03 0.37 0.09 0.31 
41 30 40 37 1 27 7 40 3 37 9 31 0.03 0.34 0.3 0.07 0.1 0.28 
7 40 3 37 9 31 3 34 30 7 10 28 0.22 0.5 0.17 0.51 0.18 0.47 
3 34 30 7 10 28 22 50 17 51 18 47 0.15 0.21 0.04 0.12 0.1 0.42 
22 50 17 51 18 47 15 21 4 12 10 42 0.26 0.22 0.18 0.34 0.17 0.44 
15 21 4 12 10 42 26 22 18 34 17 44 0.12 0.3 0.28 0.49 0.13 0.32 
26 22 18 34 17 44 12 30 28 49 13 32 0.33 0.07 0.15 0.43 0.37 0.4 
12 30 28 49 13 32 33 7 15 43 37 40 0.21 0.17 0.31 0.3 0.45 0.43 
33 7 15 43 37 40 21 17 31 30 45 43 0.02 0.29 0.34 0.41 0.25 0.23 
21 17 31 30 45 43 2 29 34 41 25 23 0.4 0.2 0.48 0.21 0.5 0.35 
2 29 34 41 25 23 40 20 48 21 50 35 0.49 0.17 0.52 0.28 0.51 0.11 
40 20 48 21 50 35 49 17 52 28 51 11 0.29 0.23 0.47 0.48 0.42 0.08 
49 17 52 28 51 11 29 23 47 48 42 8 0.31 0.28 0.29 0.13 0.27 0.38 
29 23 47 48 42 8 31 28 29 13 27 38 0.42 0.23 0.15 0.19 0.17 0.45 
31 28 29 13 27 38 42 23 15 19 17 45 0.47 0.41 0.49 0.27 0.11 0.52 
42 23 15 19 17 45 47 41 49 27 11 52 0.07 0.11 0.46 0.32 0.26 0.22 
47 41 49 27 11 52 7 11 46 32 26 22 0.3 0.34 0.41 0.07 0.03 0.31 
7 11 46 32 26 22 30 34 41 7 3 31 0.15 0.12 0.18 0.09 0.45 0.26 
30 34 41 7 3 31 15 12 18 9 45 26 0.51 0.11 0.3 0.52 0.18 0.05 
15 12 18 9 45 26 51 11 30 52 18 5 0.09 0.19 0.17 0.43 0.16 0.49 
51 11 30 52 18 5 9 19 17 43 16 49 0.48 0.22 0.42 0.19 0.09 0.02 
9 19 17 43 16 49 48 22 42 19 9 2 0.19 0.49 0.17 0.11 0.18 0.52 
48 22 42 19 9 2 19 49 17 11 18 52 0.45 0.44 0.51 0.27 0.21 0.33 
19 49 17 11 18 52 45 44 51 27 21 33 0.32 0.45 0.42 0.5 0.15 0.4 
45 44 51 27 21 33 32 45 42 50 15 40 0.21 0.16 0.17 0.04 0.34 0.15 
32 45 42 50 15 40 21 16 17 4 34 15 0.43 0.4 0.01 0.31 0.45 0.46 
21 16 17 4 34 15 43 40 1 31 45 46 0.47 0.04 0.51 0.21 0.05 0.13 
43 40 1 31 45 46 47 4 51 21 5 13 0.26 0.13 0.43 0.19 0.31 0.36 
47 4 51 21 5 13 26 13 43 19 31 36 0.27 0.14 0.19 0.36 0.15 0.47 
26 13 43 19 31 36 27 14 19 36 15 47 0.04 0.26 0.47 0.5 0.42 0.05 
27 14 19 36 15 47 4 26 47 50 42 5 0.21 0.33 0.12 0.38 0.31 0.35 
4 26 47 50 42 5 21 33 12 38 31 35 0.33 0.38 0.44 0.27 0.32 0.3 
21 33 12 38 31 35 33 38 44 27 32 30 0.11 0.25 0.49 0.44 0.2 0.34 
33 38 44 27 32 30 11 25 49 44 20 34 0.25 0.02 0.05 0.4 0.17 0.38 
11 25 49 44 20 34 25 2 5 40 17 38 0.02 0.5 0.06 0.14 0.04 0.51 
25 2 5 40 17 38 2 50 6 14 4 51 0.09 0.41 0.21 0.5 0.27 0.08 
2 50 6 14 4 51 9 41 21 50 27 8 0.04 0.3 0.25 0.45 0.43 0.4 
9 41 21 50 27 8 4 30 25 45 43 40 0.42 0.39 0.35 0.25 0.37 0.05 
4 30 25 45 43 40 42 39 35 25 37 5 0.02 0.36 0.13 0.24 0.25 0.28 
42 39 35 25 37 5 2 36 13 24 25 28 0.24 0.13 0.47 0.08 0.03 0.18 
2 36 13 24 25 28 24 13 47 8 3 18 0.29 0.39 0.2 0.18 0.44 0.21 
24 13 47 8 3 18 29 39 20 18 44 21 0.34 0.46 0.23 0.11 0.5 0.48 
29 39 20 18 44 21 34 46 23 11 50 48 0.29 0.48 0.24 0.51 0.33 0.05 
34 46 23 11 50 48 29 48 24 51 33 5 0.18 0.24 0.45 0.42 0.44 0.46 
29 48 24 51 33 5 18 24 45 42 44 46 0.3 0.33 0.44 0.05 0.13 0.06 
18 24 45 42 44 46 30 33 44 5 13 6 0.09 0.3 0.06 0.07 0.1 0.24 
30 33 44 5 13 6 9 30 6 7 10 24 0.48 0.2 0.32 0.36 0.09 0.15 
9 30 6 7 10 24 48 20 32 36 9 15 0.5 0.51 0.06 0.16 0.24 0.01 
48 20 32 36 9 15 50 51 6 16 24 1 0.11 0.24 0.16 0.07 0.17 0.3 
50 51 6 16 24 1 11 24 16 7 17 30 0.47 0.17 0.4 0.04 0.11 0.31 
11 24 16 7 17 30 47 17 40 4 11 31 0.46 0.11 0.24 0.51 0.05 0.4 
47 17 40 4 11 31 46 11 24 51 5 40 0.15 0.21 0.4 0.28 0.32 0.04 
46 11 24 51 5 40 15 21 40 28 32 4 0.38 0.15 0.41 0.13 0.14 0.2 
15 21 40 28 32 4 38 15 41 13 14 20 0.5 0.45 0.29 0.22 0.47 0.36 
38 15 41 13 14 20 50 45 29 22 47 36 0.51 0.52 0.44 0.42 0.22 0.17 
50 45 29 22 47 36 51 52 44 42 22 17 0.25 0.51 0.11 0.13 0.12 0.09 
51 52 44 42 22 17 25 51 11 13 12 9 0.3 0.41 0.02 0.04 0.44 0.25 
25 51 11 13 12 9 30 41 2 4 44 25 0.35 0.06 0.45 0.42 0.31 0.04 
30 41 2 4 44 25 35 6 45 42 31 4 0.25 0.35 0.26 0.06 0.07 0.13 
35 6 45 42 31 4 25 35 26 6 7 13 0.3 0.2 0.16 0.04 0.39 0.1 
25 35 26 6 7 13 30 20 16 4 39 10 0.21 0.47 0.16 0.44 0.49 0.32 
30 20 16 4 39 10 21 47 16 44 49 32 0.52 0.06 0.4 0.21 0.35 0.02 
21 47 16 44 49 32 52 6 40 21 35 2 0.26 0.23 0.2 0.38 0.06 0.01 
52 6 40 21 35 2 26 23 20 38 6 1 0.45 0.24 0.52 0.17 0.34 0.43 
26 23 20 38 6 1 45 24 52 17 34 43 0.35 0.33 0.41 0.36 0.15 0.14 
45 24 52 17 34 43 35 33 41 36 15 14 0.52 0.5 0.43 0.47 0.26 0.05 
35 33 41 36 15 14 52 50 43 47 26 5 0.44 0.32 0.41 0.46 0.05 0.03 
52 50 43 47 26 5 44 32 41 46 5 3 0.22 0.29 0.13 0.26 0.27 0.31 
44 32 41 46 5 3 22 29 13 26 27 31 0.45 0.18 0.07 0.35 0.51 0.02 
22 29 13 26 27 31 45 18 7 35 51 2 0.1 0.48 0.27 0.3 0.35 0.2 
45 18 7 35 51 2 10 48 27 30 35 20 0.29 0.48 0.12 0.04 0.1 0.19 
10 48 27 30 35 20 29 48 12 4 10 19 0.21 0.27 0.4 0.44 0.13 0.15 
29 48 12 4 10 19 21 27 40 44 13 15 0.24 0.34 0.3 0.01 0.4 0.38 
21 27 40 44 13 15 24 34 30 1 40 38 0.2 0.03 0.34 0.3 0.35 0.48 
24 34 30 1 40 38 20 3 34 30 35 48 0.16 0.26 0.1 0.27 0.01 0.38 
20 3 34 30 35 48 16 26 10 27 1 38 0.04 0.38 0.02 0.1 0.33 0.29 
16 26 10 27 1 38 4 38 2 10 33 29 0.03 0.33 0.36 0.34 0.27 0.46 
4 38 2 10 33 29 3 33 36 34 27 46 0.02 0.08 0.28 0.48 0.46 0.29 
3 33 36 34 27 46 2 8 28 48 46 29 0.31 0.4 0.44 0.46 0.12 0.41 
2 8 28 48 46 29 31 40 44 46 12 41 0.28 0.52 0.24 0.44 0.51 0.35 
31 40 44 46 12 41 28 52 24 44 51 35 0.08 0.09 0.36 0.43 0.17 0.32 
28 52 24 44 51 35 8 9 36 43 17 32 0.26 0.52 0.15 0.23 0.19 0.32 
8 9 36 43 17 32 26 52 15 23 19 32 0.48 0.14 0.29 0.05 0.07 0.16 
26 52 15 23 19 32 48 14 29 5 7 16 0.52 0.28 0.13 0.23 0.34 0.01 
48 14 29 5 7 16 52 28 13 23 34 1 0.27 0.01 0.17 0.06 0.11 0.42 
52 28 13 23 34 1 27 1 17 6 11 42 0.45 0.39 0.32 0.37 0.1 0.24 
27 1 17 6 11 42 45 39 32 37 10 24 0.48 0.5 0.34 0.22 0.14 0.3 
45 39 32 37 10 24 48 50 34 22 14 30 0.38 0.08 0.24 0.05 0.43 0.48 
48 50 34 22 14 30 38 8 24 5 43 48 0.41 0.1 0.28 0.47 0.35 0.29 
38 8 24 5 43 48 41 10 28 47 35 29 0.17 0.33 0.3 0.03 0.41 0.36 
41 10 28 47 35 29 17 33 30 3 41 36 0.39 0.07 0.26 0.1 0.42 0.22 
17 33 30 3 41 36 39 7 26 10 42 22 0.49 0.38 0.19 0.22 0.5 0.33 
39 7 26 10 42 22 49 38 19 22 50 33 0.43 0.48 0.13 0.34 0.02 0.45 
49 38 19 22 50 33 43 48 13 34 2 45 0.27 0.14 0.16 0.18 0.36 0.03 
43 48 13 34 2 45 27 14 16 18 36 3 0.37 0.08 0.28 0.18 0.33 0.04 
27 14 16 18 36 3 37 8 28 18 33 4 0.09 0.3 0.23 0.4 0.48 0.1 
37 8 28 18 33 4 9 30 23 40 48 10 0.49 0.01 0.19 0.34 0.22 0.18 
9 30 23 40 48 10 49 1 19 34 22 18 0.43 0.1 0.27 0.47 0.31 0.09 
49 1 19 34 22 18 43 10 27 47 31 9 0.3 0.48 0.41 0.35 0.15 0.46 
43 10 27 47 31 9 30 48 41 35 15 46 0.02 0.12 0.33 0.09 0.03 0.28 
30 48 41 35 15 46 2 12 33 9 3 28 0.29 0.24 0.45 0.07 0.52 0.17 
2 12 33 9 3 28 29 24 45 7 52 17 0.23 0.41 0.01 0.52 0.48 0.13 
29 24 45 7 52 17 23 41 1 52 48 13 0.52 0.17 0.21 0.35 0.11 0.13 
23 41 1 52 48 13 52 17 21 35 11 13 0.51 0.52 0.34 0.48 0.12 0.1 
52 17 21 35 11 13 51 52 34 48 12 10 0.16 0.26 0.05 0.08 0.47 0.22 
51 52 34 48 12 10 16 26 5 8 47 22 0.48 0.08 0.32 0.51 0.22 0.05 
16 26 5 8 47 22 48 8 32 51 22 5 0.4 0.5 0.31 0.09 0.32 0.19 
48 8 32 51 22 5 40 50 31 9 32 19 0.2 0.35 0.47 0.19 0.4 0.51 
40 50 31 9 32 19 20 35 47 19 40 51 0.5 0.36 0.02 0.48 0.05 0.19 
20 35 47 19 40 51 50 36 2 48 5 19 0.01 0.15 0.22 0.46 0.09 0.47 
50 36 2 48 5 19 1 15 22 46 9 47 0.01 0.12 0.42 0.09 0.17 0.51 
1 15 22 46 9 47 1 12 42 9 17 51 0.38 0.08 0.23 0.13 0.52 0.14 
1 12 42 9 17 51 38 8 23 13 52 14 0.01 0.36 0.34 0.11 0.18 0.16 
38 8 23 13 52 14 1 36 34 11 18 16 0.4 0.36 0.1 0.21 0.28 0.08 
1 36 34 11 18 16 40 36 10 21 28 8 0.08 0.13 0.17 0.51 0.43 0.34 
40 36 10 21 28 8 8 13 17 51 43 34 0.26 0.32 0.31 0.17 0.03 0.27 
8 13 17 51 43 34 26 32 31 17 3 27 0.45 0.05 0.27 0.1 0.18 0.04 
26 32 31 17 3 27 45 5 27 10 18 4 0.04 0.24 0.44 0.03 0.02 0.19 
45 5 27 10 18 4 4 24 44 3 2 19 0.23 0.4 0.43 0.12 0.3 0.09 
4 24 44 3 2 19 23 40 43 12 30 9 0.33 0.43 0.26 0.11 0.37 0.36 
23 40 43 12 30 9 33 43 26 11 37 36 0.42 0.41 0.48 0.27 0.21 0.39 
33 43 26 11 37 36 42 41 48 27 21 39 0.44 0.04 0.45 0.39 0.26 0.41 
42 41 48 27 21 39 44 4 45 39 26 41 0.3 0.33 0.13 0.49 0.26 0.28 
44 4 45 39 26 41 30 33 13 49 26 28 0.33 0.02 0.49 0.5 0.01 0.04 
30 33 13 49 26 28 33 2 49 50 1 4 0.42 0.11 0.05 0.32 0.34 0.39 
33 2 49 50 1 4 42 11 5 32 34 39 0.08 0.01 0.23 0.06 0.35 0.19 
42 11 5 32 34 39 8 1 23 6 35 19 0.4 0.1 0.52 0.15 0.37 0.49 
8 1 23 6 35 19 40 10 52 15 37 49 0.19 0.2 0.41 0.51 0.23 0.46 
40 10 52 15 37 49 19 20 41 51 23 46 0.01 0.28 0.31 0.02 0.3 0.07 
19 20 41 51 23 46 1 28 31 2 30 7 0.26 0.38 0.12 0.2 0.14 0.03 
1 28 31 2 30 7 26 38 12 20 14 3 0.3 0.31 0.26 0.07 0.34 0.41 
26 38 12 20 14 3 30 31 26 7 34 41 0.4 0.29 0.09 0.08 0.41 0.11 
30 31 26 7 34 41 40 29 9 8 41 11 0.24 0.51 0.37 0.46 0.09 0.42 
40 29 9 8 41 11 24 51 37 46 9 42 0.13 0.38 0.02 0.2 0.35 0.51 
24 51 37 46 9 42 13 38 2 20 35 51 0.06 0.48 0.33 0.52 0.12 0.44 
13 38 2 20 35 51 6 48 33 52 12 44 0.04 0.25 0.46 0.51 0.45 0.18 
6 48 33 52 12 44 4 25 46 51 45 18 0.03 0.43 0.15 0.36 0.41 0.07 
4 25 46 51 45 18 3 43 15 36 41 7 0.2 0.24 0.41 0.35 0.01 0.27 
3 43 15 36 41 7 20 24 41 35 1 27 0.43 0.09 0.2 0.39 0.15 0.17 
20 24 41 35 1 27 43 9 20 39 15 17 0.19 0.46 0.52 0.42 0.13 0.05 
43 9 20 39 15 17 19 46 52 42 13 5 0.19 0.37 0.34 0.48 0.05 0.27 
19 46 52 42 13 5 19 37 34 48 5 27 0.26 0.08 0.44 0.1 0.29 0.06 
19 37 34 48 5 27 26 8 44 10 29 6 0.04 0.37 0.5 0.13 0.44 0.15 
26 8 44 10 29 6 4 37 50 13 44 15 0.19 0.12 0.09 0.33 0.18 0.04 
4 37 50 13 44 15 19 12 9 33 18 4 0.51 0.24 0.41 0.4 0.13 0.11 
19 12 9 33 18 4 51 24 41 40 13 11 0.14 0.26 0.37 0.52 0.28 0.36 
51 24 41 40 13 11 14 26 37 52 28 36 0.51 0.39 0.42 0.34 0.15 0.36 
14 26 37 52 28 36 51 39 42 34 15 36 0.13 0.37 0.08 0.52 0.06 0.18 
51 39 42 34 15 36 13 37 8 52 6 18 0.48 0.49 0.25 0.36 0.24 0.16 
13 37 8 52 6 18 48 49 25 36 24 16 0.39 0.46 0.07 0.41 0.31 0.08 
48 49 25 36 24 16 39 46 7 41 31 8 0.06 0.3 0.49 0.11 0.51 0.47 
39 46 7 41 31 8 6 30 49 11 51 47 0.44 0.41 0.18 0.26 0.34 0.51 
6 30 49 11 51 47 44 41 18 26 34 51 0.26 0.13 0.24 0.16 0.3 0.34 
44 41 18 26 34 51 26 13 24 16 30 34 0.05 0.36 0.11 0.04 0.12 0.26 
26 13 24 16 30 34 5 36 11 4 12 26 0.41 0.24 0.34 0.39 0.13 0.44 
5 36 11 4 12 26 41 24 34 39 13 44 0.14 0.08 0.36 0.05 0.35 0.4 
41 24 34 39 13 44 14 8 36 5 35 40 0.16 0.35 0.42 0.06 0.36 0.02 
14 8 36 5 35 40 16 35 42 6 36 2 0.41 0.33 0.26 0.5 0.09 0.32 
16 35 42 6 36 2 41 33 26 50 9 32 0.19 0.47 0.07 0.06 0.43 0.39 
41 33 26 50 9 32 19 47 7 6 43 39 0.51 0.33 0.3 0.31 0.04 0.05 
19 47 7 6 43 39 51 33 30 31 4 5 0.49 0.2 0.09 0.21 0.47 0.15 
51 33 30 31 4 5 49 20 9 21 47 15 0.35 0.49 0.46 0.47 0.45 0.18 
49 20 9 21 47 15 35 49 46 47 45 18 0.46 0.25 0.27 0.51 0.2 0.33 
35 49 46 47 45 18 46 25 27 51 20 33 0.23 0.28 0.3 0.34 0.35 0.33 
46 25 27 51 20 33 23 28 30 34 35 33 0.15 0.37 0.12 0.22 0.43 0.34 
23 28 30 34 35 33 15 37 12 22 43 34 0.4 0.27 0.09 0.35 0.3 0.12 
15 37 12 22 43 34 40 27 9 35 30 12 0.13 0.18 0.51 0.31 0.04 0.05 
40 27 9 35 30 12 13 18 51 31 4 5 0.49 0.05 0.43 0.38 0.21 0.39 
13 18 51 31 4 5 49 5 43 38 21 39 0.2 0.01 0.19 0.26 0.52 0.22 
49 5 43 38 21 39 20 1 19 26 52 22 0.31 0.2 0.32 0.28 0.23 0.36 
20 1 19 26 52 22 31 20 32 28 23 36 0.23 0.3 0.36 0.42 0.14 0.28 
31 20 32 28 23 36 23 30 36 42 14 28 0.32 0.18 0.45 0.37 0.48 0.24 
23 30 36 42 14 28 32 18 45 37 48 24 0.18 0.33 0.04 0.46 0.49 0.5 
32 18 45 37 48 24 18 33 4 46 49 50 0.34 0.09 0.13 0.23 0.42 0.48 
18 33 4 46 49 50 34 9 13 23 42 48 0.42 0.27 0.43 0.28 0.48 0.25 
34 9 13 23 42 48 42 27 43 28 48 25 0.51 0.1 0.27 0.18 0.35 0.09 
42 27 43 28 48 25 51 10 27 18 35 9 0.06 0.25 0.41 0.13 0.31 0.1 
51 10 27 18 35 9 6 25 41 13 31 10 0.12 0.31 0.41 0.18 0.5 0.25 
6 25 41 13 31 10 12 31 41 18 50 25 0.15 0.02 0.12 0.21 0.11 0.5 
12 31 41 18 50 25 15 2 12 21 11 50 0.27 0.46 0.12 0.38 0.09 0.2 
15 2 12 21 11 50 27 46 12 38 9 20 0.34 0.35 0.45 0.26 0.13 0.24 
27 46 12 38 9 20 34 35 45 26 13 24 0.05 0.5 0.26 0.04 0.12 0.47 
34 35 45 26 13 24 5 50 26 4 12 47 0.36 0.5 0.23 0.48 0.3 0.28 
5 50 26 4 12 47 36 50 23 48 30 28 0.01 0.44 0.05 0.1 0.11 0.13 
36 50 23 48 30 28 1 44 5 10 11 13 0.34 0.02 0.48 0.12 0.31 0.35 
1 44 5 10 11 13 34 2 48 12 31 35 0.34 0.36 0.4 0.13 0.07 0.12 
34 2 48 12 31 35 34 36 40 13 7 12 0.31 0.49 0.52 0.17 0.07 0.01 
34 36 40 13 7 12 31 49 52 17 7 1 0.09 0.07 0.41 0.43 0.3 0.46 
31 49 52 17 7 1 9 7 41 43 30 46 0.16 0.52 0.43 0.42 0.01 0.3 
9 7 41 43 30 46 16 52 43 42 1 30 0.39 0.42 0.46 0.26 0.28 0.12 
16 52 43 42 1 30 39 42 46 26 28 12 0.2 0.21 0.47 0.15 0.3 0.28 
39 42 46 26 28 12 20 21 47 15 30 28 0.04 0.23 0.39 0.21 0.5 0.52 
20 21 47 15 30 28 4 23 39 21 50 52 0.01 0.49 0.34 0.44 0.16 0.52 
4 23 39 21 50 52 1 49 34 44 16 52 0.05 0.33 0.44 0.04 0.27 0.14 
1 49 34 44 16 52 5 33 44 4 27 14 0.37 0.33 0.49 0.22 0.14 0.25 
5 33 44 4 27 14 37 33 49 22 14 25 0.04 0.28 0.09 0.45 0.36 0.41 
37 33 49 22 14 25 4 28 9 45 36 41 0.18 0.48 0.5 0.39 0.21 0.36 
4 28 9 45 36 41 18 48 50 39 21 36 0.4 0.22 0.32 0.27 0.29 0.16 
18 48 50 39 21 36 40 22 32 27 29 16 0.45 0.21 0.41 0.5 0.1 0.16 
40 22 32 27 29 16 45 21 41 50 10 16 0.03 0.52 0.13 0.29 0.2 0.12 
45 21 41 50 10 16 3 52 13 29 20 12 0.27 0.26 0.2 0.13 0.16 0.21 
3 52 13 29 20 12 27 26 20 13 16 21 0.12 0.16 0.51 0.4 0.21 0.49 
27 26 20 13 16 21 12 16 51 40 21 49 0.38 0.45 0.33 0.34 0.2 0.15 
12 16 51 40 21 49 38 45 33 34 20 15 0.46 0.21 0.51 0.02 0.1 0.19 
38 45 33 34 20 15 46 21 51 2 10 19 0.25 0.46 0.47 0.38 0.5 0.45 
46 21 51 2 10 19 25 46 47 38 50 45 0.28 0.06 0.29 0.45 0.15 0.43 
25 46 47 38 50 45 28 6 29 45 15 43 0.01 0.45 0.31 0.06 0.04 0.12 
28 6 29 45 15 43 1 45 31 6 4 12 0.49 0.36 0.5 0.43 0.22 0.45 
1 45 31 6 4 12 49 36 50 43 22 45 0.44 0.27 0.18 0.5 0.24 0.52 
49 36 50 43 22 45 44 27 18 50 24 52 0.52 0.07 0.21 0.35 0.46 0.3 
44 27 18 50 24 52 52 7 21 35 46 30 0.5 0.42 0.27 0.02 0.28 0.26 
52 7 21 35 46 30 50 42 27 2 28 26 0.28 0.12 0.1 0.19 0.3 0.29 
50 42 27 2 28 26 28 12 10 19 30 29 0.33 0.36 0.09 0.42 0.06 0.04 
28 12 10 19 30 29 33 36 9 42 6 4 0.48 0.29 0.4 0.03 0.51 0.23 
33 36 9 42 6 4 48 29 40 3 51 23 0.01 0.33 0.42 0.07 0.47 0.13 
48 29 40 3 51 23 1 33 42 7 47 13 0.37 0.11 0.21 0.5 0.3 0.36 
1 33 42 7 47 13 37 11 21 50 30 36 0.5 0.51 0.15 0.1 0.39 0.28 
37 11 21 50 30 36 50 51 15 10 39 28 0.06 0.26 0.05 0.08 0.39 0.18 
50 51 15 10 39 28 6 26 5 8 39 18 0.29 0.43 0.05 0.1 0.19 0.2 
6 26 5 8 39 18 29 43 5 10 19 20 0.3 0.2 0.07 0.16 0.49 0.15 
29 43 5 10 19 20 30 20 7 16 49 15 0.21 0.32 0.08 0.41 0.35 0.49 
30 20 7 16 49 15 21 32 8 41 35 49 0.49 0.5 0.31 0.1 0.04 0.42 
21 32 8 41 35 49 49 50 31 10 4 42 0.42 0.3 0.04 0.4 0.43 0.23 
49 50 31 10 4 42 42 30 4 40 43 23 0.35 0.18 0.28 0.29 0.15 0.46 
42 30 4 40 43 23 35 18 28 29 15 46 0.48 0.31 0.27 0.12 0.25 0.42 
35 18 28 29 15 46 48 31 27 12 25 42 0.43 0.34 0.41 0.31 0.03 0.52 
48 31 27 12 25 42 43 34 41 31 3 52 0.45 0.52 0.03 0.06 0.44 0.48 
43 34 41 31 3 52 45 52 3 6 44 48 0.04 0.44 0.08 0.19 0.26 0.37 
45 52 3 6 44 48 4 44 8 19 26 37 0.06 0.37 0.1 0.12 0.01 0.35 
4 44 8 19 26 37 6 37 10 12 1 35 0.34 0.42 0.13 0.03 0.45 0.32 
6 37 10 12 1 35 34 42 13 3 45 32 0.14 0.47 0.38 0.08 0.19 0.09 
34 42 13 3 45 32 14 47 38 8 19 9 0.28 0.37 0.07 0.38 0.52 0.4 
14 47 38 8 19 9 28 37 7 38 52 40 0.4 0.17 0.09 0.1 0.16 0.15 
28 37 7 38 52 40 40 17 9 10 16 15 0.04 0.5 0.44 0.45 0.02 0.21 
40 17 9 10 16 15 4 50 44 45 2 21 0.07 0.34 0.21 0.13 0.17 0.15 
4 50 44 45 2 21 7 34 21 13 17 15 0.29 0.51 0.32 0.14 0.37 0.5 
7 34 21 13 17 15 29 51 32 14 37 50 0.42 0.21 0.03 0.3 0.08 0.14 
29 51 32 14 37 50 42 21 3 30 8 14 0.33 0.41 0.32 0.49 0.42 0.35 
42 21 3 30 8 14 33 41 32 49 42 35 0.19 0.35 0.09 0.06 0.18 0.13 
33 41 32 49 42 35 19 35 9 6 18 13 0.47 0.12 0.16 0.18 0.06 0.24 
19 35 9 6 18 13 47 12 16 18 6 24 0.17 0.46 0.1 0.38 0.22 0.24 
47 12 16 18 6 24 17 46 10 38 22 24 0.42 0.16 0.13 0.01 0.17 0.48 
17 46 10 38 22 24 42 16 13 1 17 48 0.36 0.42 0.09 0.06 0.1 0.39 
42 16 13 1 17 48 36 42 9 6 10 39 0.42 0.19 0.13 0.3 0.01 0.35 
36 42 9 6 10 39 42 19 13 30 1 35 0.16 0.26 0.42 0.1 0.5 0.41 
42 19 13 30 1 35 16 26 42 10 50 41 0.12 0.46 0.18 0.05 0.49 0.28 
16 26 42 10 50 41 12 46 18 5 49 28 0.42 0.22 0.17 0.03 0.26 0.11 
12 46 18 5 49 28 42 22 17 3 26 11 0.15 0.38 0.23 0.28 0.17 0.06 
42 22 17 3 26 11 15 38 23 28 17 6 0.19 0.05 0.22 0.15 0.08 0.31 
15 38 23 28 17 6 19 5 22 15 8 31 0.42 0.14 0.29 0.27 0.06 0.23 
19 5 22 15 8 31 42 14 29 27 6 23 0.2 0.37 0.4 0.11 0.03 0.47 
42 14 29 27 6 23 20 37 40 11 3 47 0.15 0.29 0.37 0.01 0.28 0.16 
20 37 40 11 3 47 15 29 37 1 28 16 0.51 0.5 0.4 0.35 0.42 0.46 
15 29 37 1 28 16 51 50 40 35 42 46 0.2 0.37 0.45 0.01 0.35 0.32 
51 50 40 35 42 46 20 37 45 1 35 32 0.2 0.07 0.17 0.04 0.47 0.05 
20 37 45 1 35 32 20 7 17 4 47 5 0.41 0.23 0.31 0.39 0.33 0.06 
20 7 17 4 47 5 41 23 31 39 33 6 0.11 0.32 0.34 0.01 0.23 0.12 
41 23 31 39 33 6 11 32 34 1 23 12 0.29 0.43 0.26 0.1 0.03 0.33 
11 32 34 1 23 12 29 43 26 10 3 33 0.22 0.2 0.14 0.08 0.44 0.45 
29 43 26 10 3 33 22 20 14 8 44 45 0.4 0.27 0.51 0.49 0.45 0.23 
22 20 14 8 44 45 40 27 51 49 45 23 0.44 0.16 0.22 0.29 0.45 0.49 
40 27 51 49 45 23 44 16 22 29 45 49 0.36 0.51 0.31 0.47 0.48 0.33 
44 16 22 29 45 49 36 51 31 47 48 33 0.09 0.02 0.13 0.22 0.04 0.1 
36 51 31 47 48 33 9 2 13 22 4 10 0.15 0.43 0.16 0.37 0.24 0.34 
9 2 13 22 4 10 15 43 16 37 24 34 0.25 0.21 0.03 0.36 0.29 0.04 
15 43 16 37 24 34 25 21 3 36 29 4 0.2 0.52 0.45 0.04 0.38 0.31 
25 21 3 36 29 4 20 52 45 4 38 31 0.2 0.31 0.49 0.26 0.11 0.04 
20 52 45 4 38 31 20 31 49 26 11 4 0.51 0.47 0.11 0.25 0.29 0.13 
20 31 49 26 11 4 51 47 11 25 29 13 0.43 0.29 0.33 0.21 0.25 0.27 
51 47 11 25 29 13 43 29 33 21 25 27 0.36 0.3 0.05 0.37 0.14 0.52 
43 29 33 21 25 27 36 30 5 37 14 52 0.45 0.3 0.34 0.26 0.23 0.09 
36 30 5 37 14 52 45 30 34 26 23 9 0.49 0.05 0.5 0.35 0.26 0.24 
45 30 34 26 23 9 49 5 50 35 26 24 0.22 0.44 0.45 0.29 0.49 0.14 
49 5 50 35 26 24 22 44 45 29 49 14 0.17 0.03 0.11 0.31 0.45 0.26 
22 44 45 29 49 14 17 3 11 31 45 26 0.07 0.44 0.23 0.12 0.36 0.03 
17 3 11 31 45 26 7 44 23 12 36 3 0.35 0.14 0.21 0.34 0.07 0.05 
7 44 23 12 36 3 35 14 21 34 7 5 0.18 0.09 0.48 0.5 0.12 0.27 
35 14 21 34 7 5 18 9 48 50 12 27 0.03 0.04 0.1 0.05 0.06 0.51 
18 9 48 50 12 27 3 4 10 5 6 51 0.51 0.3 0.27 0.39 0.44 0.46 
3 4 10 5 6 51 51 30 27 39 44 46 0.2 0.06 0.38 0.19 0.16 0.01 
51 30 27 39 44 46 20 6 38 19 16 1 0.36 0.35 0.38 0.29 0.22 0.11 
20 6 38 19 16 1 36 35 38 29 22 11 0.25 0.29 0.06 0.13 0.33 0.16 
36 35 38 29 22 11 25 29 6 13 33 16 0.28 0.48 0.44 0.39 0.25 0.52 
25 29 6 13 33 16 28 48 44 39 25 52 0.29 0.46 0.41 0.07 0.08 0.36 
28 48 44 39 25 52 29 46 41 7 8 36 0.18 0.24 0.26 0.44 0.27 0.11 
29 46 41 7 8 36 18 24 26 44 27 11 0.46 0.29 0.03 0.17 0.47 0.05 
18 24 26 44 27 11 46 29 3 17 47 5 0.07 0.3 0.23 0.02 0.28 0.08 
46 29 3 17 47 5 7 30 23 2 28 8 0.34 0.28 0.45 0.02 0.51 0.17 
7 30 23 2 28 8 34 28 45 2 51 17 0.46 0.47 0.34 0.3 0.48 0.16 
34 28 45 2 51 17 46 47 34 30 48 16 0.08 0.01 0.11 0.29 0.09 0.36 
46 47 34 30 48 16 8 1 11 29 9 36 0.46 0.14 0.4 0.32 0.21 0.26 
8 1 11 29 9 36 46 14 40 32 21 26 0.45 0.24 0.15 0.09 0.17 0.03 
46 14 40 32 21 26 45 24 15 9 17 3 0.07 0.19 0.51 0.1 0.46 0.22 
45 24 15 9 17 3 7 19 51 10 46 22 0.39 0.17 0.23 0.14 0.52 0.41 
7 19 51 10 46 22 39 17 23 14 52 41 0.04 0.14 0.09 0.15 0.49 0.29 
39 17 23 14 52 41 4 14 9 15 49 29 0.26 0.09 0.2 0.45 0.51 0.38 
4 14 9 15 49 29 26 9 20 45 51 38 0.08 0.05 0.04 0.14 0.02 0.26 
26 9 20 45 51 38 8 5 4 14 2 26 0.44 0.12 0.26 0.48 0.29 0.45 
8 5 4 14 2 26 44 12 26 48 29 45 0.25 0.29 0.42 0.16 0.28 0.07 
44 12 26 48 29 45 25 29 42 16 28 7 0.19 0.09 0.24 0.48 0.42 0.16 
25 29 42 16 28 7 19 9 24 48 42 16 0.48 0.16 0.14 0.03 0.26 0.02 
19 9 24 48 42 16 48 16 14 3 26 2 0.26 0.2 0.31 0.11 0.17 0.19 
48 16 14 3 26 2 26 20 31 11 17 19 0.01 0.32 0.28 0.48 0.17 0.16 
26 20 31 11 17 19 1 32 28 48 17 16 0.18 0.15 0.29 0.49 0.14 0.34 
1 32 28 48 17 16 18 15 29 49 14 34 0.14 0.48 0.28 0.3 0.15 0.18 
18 15 29 49 14 34 14 48 28 30 15 18 0.29 0.02 0.22 0.51 0.52 0.03 
14 48 28 30 15 18 29 2 22 51 52 3 0.07 0.25 0.34 0.11 0.37 0.51 
29 2 22 51 52 3 7 25 34 11 37 51 0.42 0.01 0.49 0.51 0.5 0.11 
7 25 34 11 37 51 42 1 49 51 50 11 0.15 0.29 0.35 0.24 0.26 0.19 
42 1 49 51 50 11 15 29 35 24 26 19 0.28 0.48 0.07 0.24 0.21 0.45 
15 29 35 24 26 19 28 48 7 24 21 45 0.39 0.48 0.52 0.1 0.14 0.17 
28 48 7 24 21 45 39 48 52 10 14 17 0.29 0.38 0.32 0.12 0.1 0.13 
39 48 52 10 14 17 29 38 32 12 10 13 0.13 0.36 0.39 0.17 0.1 0.05 
29 38 32 12 10 13 13 36 39 17 10 5 0.32 0.01 0.22 0.49 0.44 0.5 
13 36 39 17 10 5 32 1 22 49 44 50 0.45 0.17 0.08 0.35 0.12 0.23 
32 1 22 49 44 50 45 17 8 35 12 23 0.47 0.34 0.13 0.39 0.3 0.14 
45 17 8 35 12 23 47 34 13 39 30 14 0.47 0.04 0.08 0.36 0.51 0.4 
47 34 13 39 30 14 47 4 8 36 51 40 0.3 0.51 0.32 0.24 0.04 0.47 
47 4 8 36 51 40 30 51 32 24 4 47 0.13 0.21 0.35 0.45 0.51 0.41 
30 51 32 24 4 47 13 21 35 45 51 41 0.5 0.46 0.25 0.01 0.44 0.22 
13 21 35 45 51 41 50 46 25 1 44 22 0.1 0.44 0.19 0.29 0.4 0.33 
50 46 25 1 44 22 10 44 19 29 40 33 0.27 0.23 0.14 0.24 0.13 0.28 
10 44 19 29 40 33 27 23 14 24 13 28 0.38 0.28 0.27 0.26 0.51 0.29 
27 23 14 24 13 28 38 28 27 26 51 29 0.36 0.01 0.24 0.3 0.19 0.33 
38 28 27 26 51 29 36 1 24 30 19 33 0.33 0.13 0.47 0.41 0.3 0.38 
36 1 24 30 19 33 33 13 47 41 30 38 0.5 0.33 0.02 0.05 0.06 0.23 
33 13 47 41 30 38 50 33 2 5 6 23 0.18 0.05 0.35 0.42 0.04 0.29 
